0 0 1 2
1 3 4 5 6
2 7 8
3 9 10
4 0 11
5 12
6 13
7 6
8 14 15 16 17
9 18 19
10 11 20 21
11 11 22 23 14 19
12 0 24
13 25 26
14 14
15 27 11
16 28 29 30 31
17 0 0 11
18 0 2 0
19 7 32 33
20 34 35 36
21 11 37
22 38 39
23 0
24 0 40 41
25 17
26 22 42 5 43
27 0 11
28 44 34 45 46 47 48
29 49
30 50 14
31 51 51
32 28
33 25 26
34 52 14
35 53 48 22
36 23 54
37 2 55 56 57
38 58 59
39 11
40 42 60 61
41 62 22
42 42 63 60
43 22 20
44 64 11
45 0 26 25
46 65
47 35 66
48 25 63
49 14 30 67
50 17 68 69 0
51 25 56 56 42
52 70
53 23 17 46
54 24 71
55 72 48
56 73 39
57 0 6 74
58 22 0 11
59 0 22 40
60 42
61 75
62 0 76
63 77 78 79 6
64 26 25 0
65 60 73 42
66 80
67 81 42 82 81
68 67
69 83 66
70 25 0
71 84 85
72 14
73 24 0
74 14 65 27
75 11
76 25 86
77 39 0 4
78 25 56 25
79 42 60 22 23
80 64 87 48
81 68 68 88
82 11
83 41 89 41 36
84 14 30
85 59 90 0
86 16
87 63 39
88 77 91
89 66 83
90 10 11
91 27
92 68 0
93 92 68 88
94 22 48
95 93 94
96 0
97 60 95 14 96
98 66 97 6
99 17 98
100 82 22 11
101 99 100 101
102 10 102
103 14 34
104 25 56
105 72 48 103 104
106 11 10 65 14
107 35 48 53 22
108 105 67 39
109 106 69 0
110 107 108
111 73 0 0
112 12 109 59 87
113 110 111 11
114 76 112 11
115 14
116 14 17 11
117 113 53 22 42 114
118 115 116 6
119 14
120 0 73
121 68 68 42
122 41 0 11
123 11
124 12 101
125 11 17 0
126 95 11
127 21 111
128 17 11 22
129 117 40 117 96 14
130 118 14 53 48
131 59 0
132 14 119
133 27
134 10 25
135 63 39
136 35 106 113 35
137 53 35 48
138 119
139 113 76 35 53 22
140 20
141 11 17 53
142 63 67 73 76 52 73
143 2 25 120 2
144 0
145 0 0 108 0
146 0 64
147 86 73
148 23 121
149 45 48 53 39 10
150 122 24 39 10 42
151 42 59
152 39 0
153 21 21
154 27 27 123 42
155 96
156 0 24
157 11 14 124 59
158 28
159 74 124
160 125 0
161 25 126
162 127 124
163 39 22 63
164 10 14
165 0 21 11 116
166 10 22 128
167 106 69 73 0 10
168 14
169 129 25 129 130 25
170 0 71
171 96 14
172 11 104 4 76
173 51 11 41
174 46 34 4 48 10 113
175 22 76 27
176 25 0 2
177 131
178 14 31 132
179 60 22
180 14 11
181 133 11
182 14 11
183 14
184 16 16 16 11 0
185 24 115
186 21 6 22
187 25 11 17
188 134 76
189 17 0 4
190 11 10 27
191 76 108
192 11 11
193 135
194 46 80 135 48 121
195 41 41 136 89
196 48 0 22
197 0 0 4 6
198 137 14 118
199 76 22 42
200 0 22
201 138 43 139
202 0 11 96 14
203 27 14 140 53
204 64 115
205 40 0
206 42 11
207 67
208 19 49
209 42 22 76 95
210 77 34
211 0
212 76 10 0 11
213 40 41 0
214 11 39 23
215 113 35 66
216 42 48
217 27 10
218 141 19
219 0 11 125
220 42 67
221 71 101 71 14
222 6
223 77 5 142
224 23 113 35
225 140 27
226 70 73 17 0 143
227 28 17 53
228 84 84 0 67
229 25 41
230 39 9
231 144 145
232 17 11
233 14 146
234 10 22 53
235 12
236 0
237 14
238 39 39 147 11 148
239 10 149 11 149
240 65 53 14 10
241 150 39
242 25 84 56 25
243 27 27
244 11 151
245 11 104 84
246 22 43
247 22 152 59 0 0
248 39 22 48
249 6 72 2 121 35
250 11 6 30
251 27 27 153
252 154
253 39 11 121 22 76
254 0 53 22 76
255 11 27
256 0 148 39
257 28 29
258 104 77 155 156 157 158 22
259 46 90 48 10
260 41 117 89
261 24 17 22
262 27 86 11 14
263 95 42 95
264 43 159 7
265 25 48 14
266 14
267 7 48 94
268 14
269 160 22
270 161 116
271 101 71 60
272 162 10 11
273 0 0 79 0 0
274 142
275 11
276 163 11
277 0 25 64 10
278 68 0
279 164 96 40 14
280 39 9 24 9
281 9 73 14
282 27 24 22 165 24
283 117 14
284 0 11 41 22
285 0
286 166 25 0
287 24 27
288 14 39 48 86 167 23
289 168 24 53 59
290 13 16
291 27 169
292 22 170
293 35 23 113 54 54
294 141 124 19 87 53
295 48 76
296 0 65
297 171 171 171
298 6 25 0 0 67
299 172 57 56
300 173 10 6
301 0 174
302 68 21
303 0 0
304 22 65 10 61
305 25 17 0
306 9 71 117 117
307 101 100
308 11 175
309 14 30 53
310 176 14
311 17 35 53 48
312 68 68 48 53
313 114 14 42 86
314 21 11 21
315 71 42 22 17 9
316 17 11
317 2 53
318 0 0 9
319 177 22 53 48 10
320 25 0 10 59 11
321 35 113
322 11 22
323 11 22 17 53
324 178 179 92
325 63 39
326 63 117 71 71 71
327 11 11
328 28 29 28
329 0 24
330 27 156 10
331 180 41 0
332 19
333 84 85 119 168
334 181 34 182 40
335 11 14
336 73 42 60
337 8 87 3 121
338 86 165
339 68 68 183
340 63
341 64
342 10 105 149 184 185
343 14 30 186 82
344 10 27
345 0 9 0
346 27 10
347 27 27 27 0 76
348 11 14 73
349 118 48
350 14 27 73
351 11 34 21
352 43
353 11 0
354 148 65
355 14 6
356 0 0 2
357 94
358 187
359 0 71
360 71 42 17
361 36 188 5 46 48
362 22 67
363 134 189 11
364 25 76 0
365 71 95 71
366 42 59 24 76 95
367 134 189
368 14 140 27 53
369 79 190 76
370 11
371 27 42 10
372 53 48 48 34
373 18
374 86 191 17
375 22 21
376 9 0 23 9
377 21 156 11 0
378 14
379 9 53
380 125 46 48 2
381 10 22 192
382 189 23 23
383 39 76 122 73
384 176 22 76
385 189 189 134 11
386 0 76 193
387 67 6
388 11
389 48 22 48
390 35 14
391 22
392 188 162 194 158
393 64 64 59
394 194 195 196
395 10 9
396 42 71 17 22
397 171 171 171
398 64 10 39 59 42 0
399 39 40 24 0
400 9
401 28
402 197 11
403 10 198 10
404 43 48 46
405 13 22
406 35 140
407 48 0 53
408 11 73
409 159 52 188 35
410 61 153 11
411 14 27
412 161 39 0
413 0
414 26 84 117 25 2 51
415 10 117 36
416 53 24 11
417 0 22 39 23
418 11 25 84 84
419 43 199 0
420 11 25 14 82
421 90 42 105
422 42 92 11
423 71 82 42
424 105 39 11
425 200 200 34
426 22 76 39 201
427 71 42 22 17
428 7 7
429 14 30
430 39 73
431 0
432 67 0
433 22 159 6
434 39 69 69
435 11 21 22 0
436 25 202 26 0 22
437 22 203 114
438 42 0 161 73 27
439 137 83 66 6
440 10
441 204
442 113 64 35
443 27 60
444 14 11
445 42 73
446 139 43 205
447 0 76 206
448 14 186 30
449 12 174 53
450 0 10 4
451 48 14 53
452 59 59
453 0 207 143
454 71 42 22 17 53
455 42 0 40
456 35 4 6
457 2 25 0 0
458 35 208
459 17 73 22 0
460 63 71
461 53
462 53 209 210
463 86 11 14 110
464 186 30 14 211 36
465 66 194 6
466 11
467 40 0 41
468 0 17
469 61 22 212 61 0 76
470 10 148
471 22 46 23 128
472 35 213 113
473 9 110 214 215 71
474 24 39 0 48 10
475 21 21
476 79 6
477 158 67 76
478 65 10 0 14
479 0 53
480 73 14
481 82 54 23 22 39
482 53 23 48
483 40 14 73
484 216 181 68 17
485 187 217 218
486 42 7 28
487 23 22 39
488 117 89 14 10 0 96
489 87 101 2
490 40 0 39
491 0 219 73 6 220
492 0
493 207 22 52
494 71 108 188 199 14 159 187 22
495 14 48 53 48
496 26 25 0
497 0 221 25 71
498 159 43
499 14 73
500 116 222
501 27 11 22
502 223 28
503 27 122 24 10 27 0
504 79 148
505 73 22 0
506 26 172 25
507 11
508 24 53 22 224
509 11
510 86 11
511 10 0 11
512 114 53
513 11
514 164 65
515 0 11 25
516 25 84 84 22
517 34 4 225 226 142
518 67 73 27
519 223 222 28
520 39 63
521 16 227
522 0
523 171 171
524 0
525 11 39 49 5 19
526 11 14 86 124
527 200 169 27
528 118 99
529 17 73 22 0
530 76 22 169 27 152
531 14 30
532 228 122 73
533 0 22 153
534 51 51 0
535 53 35
536 0 11 6
537 23 39 229
538 133 80
539 180 87 41
540 22 52 6
541 42 10 11 39 60
542 39 11 14
543 48 7 48 34
544 95 212 11 61
545 46
546 14 76 11 96
547 39 11 60
548 17
549 11 89 21 41
550 96 14
551 22 73
552 73 22 22
553 113 6
554 14 96 30
555 73 63
556 14 96
557 67 69 230
558 41 11 17 0 89
559 64 0 22 158
560 64 82 115 231
561 11 232 90
562 0 39 22
563 11 11 121 76
564 28 29 102 233
565 27 65 25 71 86 10
566 0 153
567 22
568 234 159 41
569 122
570 0 22 73
571 0 19
572 17 164 73
573 11
574 39 42 11 95 22
575 28 29 223 235
576 236 228 237 6
577 83 4 83
578 11 0 0
579 63 14
580 113 53 48
581 11 53 35 42 17
582 26 40 84 25
583 59 0 0
584 151 11 53 35
585 41 51 51 0
586 27 133 11
587 96 41
588 22 27 23
589 13 16 59
590 6 159
591 11 42 40 76
592 73 67 68 238
593 239 240 7 135 241
594 27 27 22 23
595 10 22
596 24 11 0
597 113 6 199
598 242
599 14
600 14 96
601 9
602 25 39 1
603 39 22 23
604 14 124
605 7 5 131
606 0 243 17
607 24 71 0 64 71
608 14 11
609 67 73 158 76
610 133 200 22 27
611 25 76 10 39 0
612 189 22 48
613 14 186 186 30
614 73 0
615 6 148 236 53
616 117 14 117 81
617 95 76 27
618 14 60 39 24
619 10 0
620 39
621 53 39 134
622 14
623 27 10 105 24
624 60
625 122 236 24 73
626 117 220
627 9 23 39 22
628 17 22 11
629 20 14 14
630 28 244 76
631 41
632 0 25
633 42 0 20
634 169 27
635 113 22 53 48 23
636 14
637 0 17
638 42 17 42 61 63
639 14
640 16 42
641 76 95
642 17 11 0 40
643 17 73 0
644 39 113 35 22
645 117 9 23
646 61 42 10 39
647 14 20
648 76 0
649 25 245 246
650 10 23 22
651 84 85 119 168
652 27 11
653 247 22
654 27 140 10
655 125 27
656 52 248 159
657 48 0 46
658 70 73 0
659 101 19 12
660 196 145 10 249 27
661 39 10 11
662 42 22
663 135 250 251 157 113
664 17 0 11
665 68
666 252 33
667 175 66
668 71 76 0 71
669 39 0 25
670 71 72
671 65 10 65
672 159 20 159 22
673 69 16
674 113 36 131 5 35
675 14 30
676 10 39
677 14 197
678 242
679 204 108
680 42 253 23
681 27 14 140 10
682 14 2 117 117 96 0
683 10 90
684 0 76 24
685 63 76 86 254
686 95 21 86
687 63 22
688 164 156 65 10 14 164
689 255 14
690 5 73
691 0 42
692 42 9 23 60
693 42 95
694 0
695 35 0
696 16 175 16 16
697 21 173
698 11 21
699 53 48 7 205
700 9 9 79
701 117
702 0 25 0
703 24 48
704 28 28 41 63
705 14 11
706 1 24 122 236 73
707 11 73
708 95 76 22
709 11 59
710 14 50
711 35
712 42 82 69
713 25 184
714 28 0
715 48 22 76
716 53 52
717 0 29 28
718 256 14
719 0 42
720 45 34 7
721 149 0 23
722 11
723 51 41
724 84 39 84
725 0 39 0
726 257 40 0
727 41 258 258 10 0
728 44 10 11
729 14
730 34 48
731 71 64 48 6 23
732 0 0
733 39
734 14
735 11 41 0 14 76
736 84 0
737 11
738 221 0
739 165 14
740 63 14 126 30
741 28 244 11
742 64
743 0
744 76 95 73
745 0 0
746 22 22 60
747 10 22 71
748 11 39 6
749 64 76 64
750 73 67 48
751 9
752 16 4 259
753 70 215 9
754 0 49 73 11
755 27 10 148 133 24 140
756 5 52 159 36 188 52
757 2 70 25
758 0 260 261 42
759 53 148 262 39
760 24 25 39
761 25 11 26 35
762 0 16
763 65 65 22 48
764 243 105 110 16 263
765 14 233 25 53
766 53 48 25
767 264 207 159
768 27 11 17 11 133
769 48 8 71 104
770 35 171
771 127
772 0
773 11 53
774 96 14 0 39 24
775 26 25
776 10 42 11
777 11
778 52 4 47 21 73
779 142 53
780 14
781 0 25 19 57
782 76 39 22 76 22 10
783 0 41
784 27 96 14
785 65 11 48 39
786 265 81 14
787 14 65
788 21 156
789 14 96 30
790 53 48 22 55 49
791 83 63 53
792 41 11 0
793 14 11 6 82
794 11 14
795 25 266
796 11 82 95
797 142 267 268
798 41 11
799 11 14
800 9 71 269 22
801 173
802 17 0
803 16 13
804 0 0
805 16 13
806 64
807 228 228 237 237 270 73
808 259
809 26 30 0 25 63
810 35 113 42 68
811 10 22
812 205 85 8
813 121 23 9
814 0 4 122 23 76
815 30 10 86 14
816 48 35 205 52
817 14 96
818 11 22 101
819 119
820 265
821 14 10
822 271 9 23 105 272
823 0
824 54 39
825 0 16 0
826 0 0 39 23 22
827 14 156 76
828 11 89 2 117
829 14 11
830 0 263
831 14
832 48
833 273 0 42
834 14
835 48 9 35 48 22 53
836 64 115 17
837 9 14 186 274 186
838 0 25
839 0 209
840 0 71 71
841 14 82 186
842 11 0
843 21 11
844 14 11
845 39 14
846 0 6
847 27 24 165
848 11 22 39 187
849 11 275
850 276 14 76 14
851 11 73 148
852 216 73
853 0 101 277 166 40
854 23 39 134
855 141 278 19 36
856 71 42 11
857 96
858 27 157
859 27 11
860 60 279 156
861 10 73
862 0 11 6
863 61 73 67 76
864 194 42 61
865 14 11 14 126
866 71 14 71
867 28 82 29 30
868 0 9 9 23
869 54 0 243
870 53 48
871 0 59
872 48 8 71 104
873 83 11 66
874 0 19 1 23
875 11 11
876 73 113
877 79 0 27 10
878 71 42 22 17 11
879 0 25
880 14
881 139 85 205
882 154 0
883 4 0
884 22 17 11 14
885 10 280 39 27
886 27 23 6
887 14 11
888 17 11 14
889 113 11 5 52
890 171 171 171 48
891 6 281 282
892 39 23
893 0 86 86
894 49 53 48
895 68 68
896 10 27 27 22
897 22 283 11 191
898 123 284
899 77 8 285
900 41 41 42
901 10 6 27
902 2 258 2 258
903 14
904 10 27
905 158 22 114 200
906 27
907 101 286
908 9 0 11
909 68 28 0
910 17 0 25
911 97 281
912 53 24 40 11 17 22
913 48 0
914 160 29 28 7
915 63 39 76 152
916 14
917 134 11
918 14 59 124 83
919 89 156 0 126
920 0 207 0 73
921 25 0 35
922 30 0
923 107 76
924 41 40 0
925 42 28 76 28
926 56 25
927 0 5
928 71 71 117 117 71
929 10 71 2 0
930 6
931 0 41
932 46 95
933 96 14
934 14
935 14 124
936 96 27 14
937 29 28 22
938 65 11
939 119 53
940 190 39 6
941 23 22 39
942 0 175 53 175
943 27
944 68 287 28 68
945 23 14 9
946 25 0 209 39
947 39 71 0 71
948 10 71
949 63 11
950 16 67 14 16
951 63 22 73
952 30 29 288 28 126
953 68 68 24 39 4
954 14
955 72 48
956 5 289 138 222
957 11 162
958 27
959 0 42
960 219 59 219
961 46 66 48 0 83
962 42 0 95
963 290 157 11
964 15 203 46 39
965 0 41 192
966 39 73 11
967 164 14 30 164
968 43 17 11
969 14
970 39 134 69
971 24 101
972 11 30 81 14
973 78 6 63 17
974 27 27 10 22
975 68 68
976 11 291 110 134
977 10 164 65 169 164 71
978 0
979 14 20
980 0 39
981 14
982 165 14 86 14
983 46 121 53
984 211 186
985 21 11
986 11 10
987 71 71 134 134 0
988 22 17 11 0
989 81 22 265
990 27 10
991 17 22 0 14 257
992 67 65
993 22 27 4
994 268 116 292 3 11
995 26 25 30 11
996 14
997 26 25
998 14 96
999 66 83
1000 293 34 294 204 14 5 251 295 53 296
1001 96
1002 25 25 22 7
1003 42 63 40
1004 117
1005 42 9
1006 27
1007 73 27 4
1008 20 117 89 166
1009 0 69 81
1010 4 73 11 122
1011 39 76 0 63 184
1012 12 109 174 48
1013 27 10 63 11
1014 28 244 48
1015 71 0
1016 22 11
1017 9 22 0
1018 39 97
1019 64 297
1020 35
1021 0 166 0 11 0
1022 66 83 6
1023 52 22
1024 35 174 113
1025 117 22 39 10 117
1026 0 48 48
1027 0 22
1028 0 19
1029 298 0
1030 11 39 73
1031 0 25 73 121
1032 0
1033 39 23 73
1034 22 22 22
1035 0 19 25
1036 35 53
1037 115 87 120 2
1038 23 9
1039 39 22 73
1040 171 171 171
1041 27 65 9 177 193
1042 11 10 27
1043 11
1044 22 126 126 25 41 0
1045 209 41 0
1046 53 48 48 83 113
1047 76
1048 11 0 59
1049 217 0 22 203 48
1050 22 11 10 42
1051 125
1052 0 11 57 23 59
1053 42 76 299 286 22 170
1054 39 11 162 22
1055 101 42 176 10 76
1056 257 14 211
1057 39
1058 65 27 27 11
1059 7 5
1060 6 11 0 41
1061 16 0
1062 39 63
1063 10 125
1064 76 0 48
1065 10 89 22
1066 10
1067 39 22 48
1068 20 14 14 31
1069 39 0 14
1070 153 32 48
1071 19 0
1072 11
1073 68 258 42 0
1074 0 0 39 17 95
1075 0 2 25 40
1076 2 71 71 0
1077 23 46 22
1078 0
1079 0 69
1080 17 40 0 11
1081 14 95
1082 22 0 125
1083 27
1084 11 10 65 17 22
1085 274 0 42
1086 0 26 25 22
1087 0 40 14
1088 68 137
1089 17 0 40
1090 101 52 246
1091 0 300
1092 25 0 172
1093 140 153
1094 0 25 265
1095 63 25 17 0 73
1096 148 83
1097 63 27 165
1098 0 301
1099 61 10 39
1100 6
1101 25 41 0
1102 25 0 17
1103 0
1104 39 23 23
1105 22 95
1106 22 11
1107 65 27 48 76
1108 302 53 35 48 22
1109 105 10 11
1110 39 0 122
1111 41 1 0
1112 243 63 23
1113 0 46
1114 24 0 39
1115 0 0 11
1116 22 11
1117 27 24 10
1118 27 10 22
1119 107 163
1120 252 33
1121 82 42 10
1122 0 177
1123 20 14
1124 0 121 64 0 39
1125 101 12
1126 7 7
1127 22 60 95 73
1128 17 22 11 10
1129 22 24
1130 0 22 39
1131 27 17
1132 207 73
1133 281
1134 0 76
1135 156 53 17
1136 0 258 258 14 100
1137 48 76 23
1138 0 224 14
1139 21 22 22 5
1140 100 71 0 76
1141 17 10 0 16 14 16
1142 39 23 73 22
1143 0 154
1144 0
1145 6 48 48 46
1146 35 113
1147 22 39
1148 39
1149 25 10 40 0
1150 39 71 53
1151 27 110
1152 42 39 10 11 11
1153 21 136 21 139
1154 303 0 34
1155 53 71 71 48 48
1156 117
1157 100 71 0
1158 304 71 0 71
1159 200 70 121 163
1160 64 64
1161 0 69
1162 42 76 11
1163 22 22 52
1164 14
1165 73 11 25 22
1166 14 156 22 50 53
1167 305 6 188 43
1168 282
1169 0 14 96
1170 9 0
1171 48 71 17 73 22 0
1172 53 35
1173 42 23 23 0
1174 205 123 48 48
1175 11 0 19
1176 14 10
1177 76 39 19
1178 14 20
1179 0 53 25 0
1180 53 35
1181 12 136
1182 63 76 22
1183 0
1184 76 0 42
1185 22 53 59
1186 25 0 2
1187 162 11 250 162
1188 14 96
1189 56 25 49 26 276 0
1190 10
1191 71 48 53 71
1192 53 283 142
1193 24 39 0
1194 286 19 12
1195 172 41 0
1196 30 26 25 84
1197 64 64
1198 42
1199 171 171 171
1200 63 14
1201 219 0 71 39 17
1202 27 10
1203 263 0 192
1204 39
1205 122 0
1206 21 21 110 11 17
1207 108 155 159 107
1208 0 22 76
1209 220 80 6
1210 14 14 6
1211 14 11
1212 60
1213 61 42
1214 35 53 22 17
1215 25 0
1216 48 83 46
1217 39 11 73
1218 22 39
1219 42 10 106 60 106 106
1220 95 95
1221 0 40 19
1222 11 22 148 6 23
1223 0 89 22 0
1224 25 143 67 273 0
1225 39
1226 22 175
1227 0 266 68
1228 11 61 306
1229 14 11 96
1230 307 28 68 73
1231 140 27 27 63
1232 53 48 2
1233 17 78 308 63
1234 22 60 63
1235 0 25 297 39
1236 35 0 258 53
1237 48 22 76
1238 22 22 95
1239 35 48 53 140
1240 28 21 0
1241 25 120 2 2
1242 46 0
1243 73 27 22 0
1244 11 53 175 48
1245 0 0 236 207 0
1246 14
1247 28 35 48 113 223
1248 4 95 39 11 42
1249 48 217 22 48
1250 0 25
1251 96 14
1252 113 22 207 22 73
1253 46 22 63
1254 71 0
1255 16 10
1256 76 105
1257 39 14 309 148
1258 0 58 310 187
1259 22 48 53 23 48
1260 64 219 246 311
1261 0 0
1262 119 28 48 14 76
1263 68 182 68 0
1264 0 41
1265 42 76 95
1266 199 21 21 0
1267 0 4 68 42 17
1268 224 148
1269 27 10 27 65
1270 35
1271 265 0 25
1272 0 41 102
1273 46 48
1274 0 71 71
1275 0 41
1276 160 28 28 29 28
1277 48 14 53
1278 65 164 10
1279 48
1280 27 27 24
1281 0
1282 0 25 84
1283 166 71 0
1284 14 0 122 122
1285 52 312 0
1286 312 94
1287 221 0 6 25
1288 10 65 164
1289 0
1290 0 0 14
1291 11
1292 9 79 39
1293 22 14 17 11
1294 76 95 4 4
1295 0
1296 265 265 6
1297 61 11
1298 25 10 39 0
1299 0 40 25
1300 207 43 35 199
1301 0 174 313
1302 11 17 22
1303 25 0 26
1304 0 10
1305 25 0 0
1306 71 207 11
1307 46 83 48
1308 305
1309 0 0 22
1310 277 0
1311 165 65
1312 22 23 9 83
1313 19 0 57 209
1314 0 25 136 301
1315 184 172 258 25 0 40
1316 25 71 221 0
1317 14
1318 0 17 40
1319 9 0 11
1320 53 142
1321 39
1322 0 16 11 16 39 10
1323 48 53 35
1324 6 0
1325 0 11
1326 53 142
1327 273 209 40 0 25
1328 131 142
1329 145 17
1330 23 6 11
1331 1 51 0 41
1332 22 0 0
1333 27 71 101
1334 27 10 275 140
1335 0 263 153
1336 0 10 39 197 106
1337 64 266 42
1338 14 60 25
1339 39 73
1340 11 314
1341 0 0 39 76
1342 25 0 154 0
1343 70 17 0 16
1344 22 17
1345 63 34 39
1346 101 101 12
1347 207 245 315 0
1348 0
1349 27 36 35
1350 22 63
1351 27 11 169
1352 16 0
1353 53 24
1354 0 0 53 76
1355 71 71 0
1356 171 171
1357 121 11 14 17
1358 25 56
1359 39 71 10 71 203
1360 22 52
1361 25 0
1362 171 171
1363 0 54 54 23 316
1364 0 40 41
1365 53 142
1366 6 80
1367 22 53 35 23
1368 68 0 0
1369 0 19 22 49
1370 9 23
1371 9 0
1372 30 14 96 186 11
1373 27 27
1374 22 142
1375 274 0 265
1376 39 73
1377 134 69 0
1378 171 171 171
1379 63 243 71
1380 14
1381 14
1382 177 0 39
1383 0 16 0 9
1384 27 53 22
1385 22 14
1386 6 0
1387 40 21 0 11
1388 10 22
1389 17 218 0 25
1390 14 134 14
1391 169 114 65 165 164
1392 2 220 207 11 22
1393 61 11 42 10 39 24
1394 53 48 71
1395 39 10 105
1396 286 317 156 17
1397 11
1398 0 64 25
1399 73 39 70
1400 0 76 107
1401 39 22 16 258 258
1402 0 58
1403 25 0 41
1404 318
1405 73 22 17 53 16
1406 25 19 0 90 14
1407 27 24 0 24
1408 25 0
1409 14 96
1410 22 14 17
1411 0 49
1412 25 0 39
1413 0 73 94
1414 273 41 0
1415 0 76 59
1416 0 0 19
1417 71 172 0
1418 11 27
1419 21 0
1420 23 9 0
1421 22 52 23
1422 0 40 41
1423 39
1424 25 0 39 10
1425 68 0
1426 19 0
1427 39 22 23
1428 39
1429 61 73 17 42
1430 46 0 48
1431 48 0 53
1432 68 68 28
1433 0 25 11 73
1434 48 0
1435 35 19 19 113
1436 27 10 76
1437 0 96
1438 80
1439 25 39 0
1440 23 22
1441 165 10 61
1442 14
1443 76 17 22 11
1444 42 80 192
1445 58 0
1446 35 53 23 22
1447 48 35 19 14 22 53
1448 60 42 0
1449 61 165 10
1450 2 2
1451 14
1452 0 2 25
1453 125
1454 0 11 17 22 209
1455 68 0 263
1456 76 22 48 76
1457 39
1458 23 22 48 0
1459 171 171 171
1460 48 60
1461 134 189 0
1462 42 82 60
1463 0 1 2
1464 22 89 14 11 39
1465 9 23
1466 11
1467 11 0 63
1468 10 4
1469 39 0
1470 3 6 43 131 5 43
1471 0 187
1472 118 14
1473 46 0
1474 60 86 27 65 240
1475 42 73
1476 39
1477 0
1478 96 10 14 53
1479 43 199 192 0 17
1480 39
1481 263 0 0
1482 137 0 118
1483 171 289
1484 27 10 0
1485 0 25
1486 0
1487 0 21
1488 14 186 211
1489 14 86
1490 27
1491 14
1492 27 24 27 39 24
1493 140 97 10 17 66
1494 84 84 35 48 48
1495 65 11 82
1496 46 65 48
1497 11 39
1498 153 0 63
1499 41 0
1500 220 319 110
1501 96 17 89
1502 0 0
1503 0 22 21 21
1504 86 14
1505 274 53
1506 10 71
1507 41 0
1508 25 39 0
1509 39 23 9
1510 27 27 27 122 10
1511 48 53 48 14 11
1512 0 71 71
1513 117 71 71 117 0
1514 22 17 73
1515 87 128
1516 69 0 260
1517 53 106 0
1518 25
1519 24 0 209
1520 14 63 39 76
1521 27 133 122
1522 27 79 169
1523 39 22 22
1524 35 17 53 48
1525 70 307 73
1526 10 11 76
1527 25 0 22 24
1528 25 320 0 10 39
1529 14 53 11 48
1530 71 16
1531 11
1532 166 0 100 71
1533 39
1534 134 110 189
1535 39
1536 26 25 0
1537 63 41
1538 12 0
1539 22 48 11
1540 142 6
1541 39 254
1542 0 129 41
1543 14 40
1544 6 22
1545 10 250 73
1546 17 0
1547 35 53 36 41
1548 254 53 142
1549 175 175
1550 71 0 71 39
1551 0 1 2
1552 48 48 59 11 35
1553 166 25 19
1554 10 17
1555 244 28 48 53 48
1556 11 76
1557 63
1558 23 76 158
1559 159 48 53
1560 64 84 64
1561 11 63
1562 14 11
1563 0 321
1564 0 23 6
1565 59 49 165
1566 1 2 0 177 39
1567 171 171 171 171
1568 23 22 0 11
1569 0 39 25 69
1570 11 66 121 113
1571 39 63 95
1572 59 42 76 48
1573 10 39 9
1574 0 64 64
1575 40 224 24 0
1576 5
1577 14 35
1578 17 0 53 61
1579 53 2
1580 22 73 17
1581 10 206 73
1582 171 171 171
1583 76 22 66 83
1584 10 65 197
1585 39
1586 11 39 149 149
1587 14 156 11
1588 17 11 30
1589 27 10 22 22 22 212
1590 25 19 164 25
1591 73 14 11 39
1592 23 126 73 39
1593 142
1594 10 71 71 0
1595 12 68 174 322
1596 22 23 6
1597 61 23
1598 4 76 11
1599 60 39 11 10
1600 59 22 0
1601 22 11 25 56
1602 22 0 0
1603 24 209 0
1604 39
1605 28 244 244 63
1606 168 24 14
1607 81 71 0
1608 1 0 136 21 21 11
1609 0 0 0 323
1610 10 6 20 142
1611 40 324 98 17 264 325
1612 48 27 22 35 23 54
1613 0 24 10 217 39
1614 48 53 71
1615 11 39
1616 5 43 142
1617 21 0
1618 71 0 64 71
1619 164 0
1620 0 69
1621 6 60
1622 39 134
1623 0 25 64 266
1624 0 2
1625 12 0 25
1626 11 128 73
1627 14 326 23 122 327
1628 0 25 182
1629 25 0 197
1630 76 42 95
1631 60 107 11
1632 76 22 48 0 121
1633 121 11 35
1634 12 17 11 0
1635 27
1636 63 14 9
1637 0 118
1638 71 0
1639 17 11 22 76 73
1640 36 257
1641 25 10 0
1642 0 154
1643 127 283 86
1644 25 76 17 328
1645 71 117 71 0 71 71
1646 39 82 22 6
1647 25 0 0
1648 11 14 10 42 96 39
1649 76 63 95
1650 329 293 22 16
1651 11 16
1652 41 11 0
1653 0 21
1654 86 0 191 0
1655 22 14 61 32
1656 0 118
1657 35 46 188
1658 63
1659 0 121 10
1660 274 0 274
1661 164 255
1662 122 11 27 14
1663 247 330 6
1664 46 60 48
1665 40 25 0 10 39
1666 35 140 76
1667 22 60 53
1668 0 117 40 117
1669 39 254 10
1670 321 331 0 19
1671 0 14 81
1672 0 73 23
1673 39 11 73 10
1674 17 14 11
1675 54 26 25 56 124
1676 16 17 69 24
1677 24 19 0
1678 166 25 25
1679 0 143
1680 87 22
1681 48 46 53 39
1682 0 17
1683 35 48 140
1684 154 72 59 332 53 68
1685 63 0 22
1686 2 26 0 25
1687 0 177
1688 0 9 22 10 94 9
1689 122 39
1690 189 0
1691 71 17 42 60
1692 35 53 48 23
1693 80 171 171 171
1694 22 142
1695 17 73 22 0 76
1696 42 0 76
1697 22 218 23
1698 63
1699 25 10 56
1700 0 25
1701 219 64 64 219 0
1702 16 0
1703 96 11 73 14
1704 27 11 14
1705 0 25 39 121
1706 0 24 73
1707 219 219 221 221 71 0
1708 0 64 72
1709 22 27
1710 76 22
1711 22 52 269 207 333
1712 25 0
1713 0 328 25
1714 48 53 48 36
1715 0 154
1716 49 48 19 43 35
1717 4 0 76
1718 0 154 0
1719 243 0 10
1720 189 189 39 63
1721 12 0 94
1722 187
1723 27 10 14
1724 334 0 325
1725 27 10 22 27 133
1726 85 84
1727 75
1728 17 11
1729 27 27 10
1730 254 171 171 171
1731 0 42 40
1732 153 23 76 17
1733 101 24
1734 23 14 22 50 50
1735 96 121 14
1736 0 53
1737 0 71 71
1738 0 64
1739 14 40 117 0
1740 53 48 14
1741 22 52
1742 0
1743 39 0 25
1744 0 19
1745 63 202
1746 39 326
1747 10
1748 125 35 48
1749 11
1750 16 0
1751 76 142
1752 0 19 63
1753 46
1754 69 64 9 23 265
1755 42 0 16
1756 16 66 16
1757 53 17 73 35
1758 0 0 6 39
1759 14
1760 14 257
1761 0 19
1762 139 14 0 99
1763 89 16 22 0
1764 0 16 59 0 16
1765 22 6
1766 76 10 42 14 11
1767 0
1768 0 95
1769 96 14 335 11
1770 17 11 22 0 10
1771 26 25 0
1772 48 48 23 53 35
1773 28 22 244
1774 27 14
1775 0 40
1776 76 105
1777 11 42 76 165
1778 0 71
1779 141 124 19 87 53
1780 10 39 60 65
1781 101
1782 35 35 113 73
1783 0 25 22 153
1784 188 171 171
1785 65 14 10
1786 76 42 61 0
1787 0 25
1788 19 57
1789 71 48 48 53 71
1790 0
1791 0 53
1792 41 0
1793 17 22
1794 25 0
1795 27 162 27
1796 65
1797 48 253 35
1798 60
1799 9
1800 26 25 172
1801 209 0 25 209
1802 256 180 41
1803 118 0 219
1804 25 11 82 6
1805 68 68 68 0
1806 39 25
1807 169
1808 172 0 19 19
1809 0 71
1810 35 58 14 0
1811 30 14 82 11
1812 0 0
1813 63 4 60
1814 39
1815 0
1816 45 28 244 46
1817 53 35 159
1818 67
1819 22 10 27
1820 0
1821 61 42 10 152
1822 14 11
1823 35 48 23 27 22 53
1824 14 40
1825 39 42
1826 250 25 86
1827 41 0
1828 142
1829 22 164
1830 27 11
1831 154 22 17 73
1832 0 19
1833 14 96 14
1834 188 118 14
1835 60 73 39
1836 0 48
1837 11 39 14 10 86 42
1838 128 16 66 9
1839 14
1840 65 0 10 105 243
1841 42 184 0
1842 11 189 14
1843 65 169 11
1844 321 59 11 53 49
1845 42 60 63
1846 0 42
1847 11 39 42
1848 14 96
1849 68 68
1850 13 16
1851 39 11 73
1852 22 23 76
1853 71 42 0 71
1854 42 82
1855 16 0 0
1856 0 117 81
1857 22 35 204
1858 175 17
1859 48 123 76 22
1860 41 1 0
1861 0 39 0
1862 11 14
1863 39 23
1864 63 3
1865 14 86 191
1866 0 40 2 39 64
1867 48 39
1868 68 28 68 73
1869 25
1870 0 0 39
1871 42 82 60
1872 10 0 27
1873 73 68
1874 14 0 181
1875 35 53 22
1876 42 60 67 22
1877 254 39
1878 336 11 6
1879 192 10
1880 76 60 39
1881 48
1882 0 39 40
1883 39 10 25
1884 0 63 0 22
1885 308 63
1886 9 23 22
1887 11 27
1888 6 43
1889 0 86 40
1890 200 200
1891 14 39 0 76
1892 0 25 40 209
1893 0
1894 22 23 9
1895 64
1896 59 124 159 49
1897 171 171
1898 209 324 0
1899 27 11 11
1900 171 171
1901 53 48 22
1902 140 27 11 165
1903 48 48 337 123 48
1904 10
1905 0 11 14 96
1906 11 14 17 0 22
1907 24 22
1908 25 2 0 40
1909 11 14
1910 338 258 122
1911 76 22 32
1912 105 53 39
1913 6 48 24 88 175 175
1914 0 192 149 321
1915 57 0 11 6
1916 73 236 228 228
1917 17 11 6 199 43 110
1918 105 10 39
1919 0 69 260
1920 0 69
1921 105 42 39 10 149 185
1922 0 1
1923 25 0 73
1924 0 0 25 71
1925 42 43 203 82
1926 242
1927 122 207
1928 39 0
1929 14 96 11
1930 0 84 273 273
1931 23 22 14
1932 7 188
1933 0 0 16
1934 48 22 0
1935 86 14
1936 48 39 22
1937 136 24 54 24 63
1938 39 22
1939 1 164 0
1940 117 2 89 11
1941 0 149 39
1942 304 89 38 14
1943 0 22 0
1944 53 28 48
1945 171 171 171
1946 0 11 11
1947 133 27 11 6
1948 118 48 76 118
1949 0 159
1950 77 39 142
1951 0 2
1952 71 0 64
1953 100
1954 22 0 48 46
1955 0 41 209
1956 39 22
1957 171 171 171
1958 42 206 73 95
1959 11 63 39 10 60
1960 165 59 175
1961 39
1962 63 189 22 134
1963 23 22
1964 48 260 35
1965 25 68 0
1966 22 39 76 0
1967 0 196 17
1968 17 2
1969 0 134 25
1970 42 48
1971 25 0 39 120 22
1972 0 71 71 100
1973 23 9 35 22
1974 0 154
1975 63 76
1976 0 0 2 101
1977 35 22 23 113
1978 90 224 0 40
1979 39 86 14
1980 63 95 76 39
1981 27 11
1982 255 43 35
1983 0
1984 90 10
1985 0
1986 0 2 70 73
1987 0
1988 60
1989 35 53 22
1990 14 11 73
1991 0 60 25
1992 22 21 35
1993 121 163 22 42
1994 14 11
1995 339
1996 0 42
1997 5 49 35 19 113
1998 22 0
1999 14
2000 191 10 86
2001 84 84 124
2002 76 39 0 6 25
2003 76 35
2004 142 267
2005 96 48
2006 0
2007 0 0
2008 0 71 273
2009 0 68 39
2010 73 137 0 161
2011 0
2012 64 11
2013 39 169 121
2014 41 0 102
2015 48 48 305 292
2016 27 11
2017 76 22 76 48
2018 273 25 0
2019 26 136 25 0
2020 95 0 25 10 242
2021 11 298
2022 14 146 340 81
2023 97 113 48
2024 14 118
2025 10 0
2026 46 20 187 22
2027 255 96 14
2028 76 22
2029 0 2
2030 41 0 28
2031 22 207 11
2032 96 14
2033 27 39 10
2034 14 341 118 139
2035 192 14 96
2036 0 209 19
2037 0 39 9 153 11 23
2038 25 2 265 0 81 69
2039 22 108
2040 41 53 48
2041 154 0 73
2042 166 0
2043 24 27 0 342
2044 10 25 0
2045 42 0
2046 65
2047 48 53 17 35 113
2048 14 48
2049 11 76 76
2050 0 71 9
2051 14 197 11 10
2052 76 63 22
2053 64 25 0
2054 217 36 6
2055 42 76
2056 39 11
2057 0 9 0 0
2058 41 22 0
2059 60 95
2060 63
2061 59
2062 16
2063 27 140 11 14
2064 0 154 332 42
2065 252 33
2066 11 14 0
2067 26 25 0
2068 0 68 263 42 68
2069 122 122 0
2070 14 146
2071 96
2072 21 184 68
2073 63 17 22
2074 122 23
2075 19
2076 48 104
2077 20 0
2078 301 305 110
2079 23 113 35
2080 0 265
2081 0
2082 52 67 76 60 95 22
2083 83 14 11
2084 0 10 258
2085 0 84 84
2086 0 263 23
2087 154 71 72
2088 113 14 35 43
2089 56 118 54 54
2090 71 197 39 25
2091 0 172 41
2092 63 17 11
2093 0 73 17
2094 0 25
2095 53 48 48
2096 14 60
2097 48 22 331 23
2098 21 21 11
2099 39 22 11 6
2100 142 22 285 48
2101 22 0
2102 100 71 0 166 71
2103 35 48 53
2104 10 153 14 65 17
2105 0 64
2106 11 199 65 164
2107 35 48 7
2108 53 0 76
2109 25 0 26 84 0
2110 42 73 11 61
2111 273 41 0
2112 28 16 247
2113 24 0
2114 71 71 40 0
2115 10 0 11
2116 68 0
2117 20
2118 149 61
2119 0 11 10 42
2120 12 14
2121 27 27
2122 2 0 2 0 1
2123 0 10 65
2124 11
2125 14 11
2126 63 101 71
2127 0 59
2128 0 205 6 23
2129 79 148
2130 263 27 42 23
2131 10 343
2132 17 11 22 76
2133 48 14 11
2134 0 10 89 14
2135 110 113 140
2136 11 22 82 6
2137 222
2138 0 136
2139 0 24
2140 96 11 0
2141 68 143 68
2142 0 39 48 60
2143 0 41
2144 17 48 35 53 113
2145 39 27 10 9 22
2146 14 14
2147 0 9
2148 11 22 73
2149 0 17
2150 105 0 243
2151 10 27
2152 14 73
2153 344 35 113
2154 14 11
2155 159 36 0 5
2156 0 143 21 12 17
2157 22 48
2158 59 0 76
2159 191 86
2160 321 0
2161 0 68
2162 123 39 22
2163 14 0 17 41
2164 113 35 22
2165 118 14 11 14
2166 0 192
2167 16 0
2168 312 0 0 0
2169 0 19
2170 14 89 53 48
2171 27 10
2172 0 5 73
2173 11 39
2174 23 22
2175 14 71 30 100
2176 76 22 27 10 39
2177 39 73
2178 190 333 39 22
2179 14 117 96 40
2180 81 0 300
2181 192 71 0 71
2182 0 42
2183 60
2184 73 11
2185 27 10
2186 85 84 25
2187 33 131 40 64
2188 0 40 2 2
2189 39 95 10 42
2190 0 118 95 118
2191 0 124 257 14
2192 25 85
2193 14
2194 39
2195 0
2196 35 17
2197 22 70 22 5
2198 39 63
2199 68 68 68 53
2200 242 60 96 14 27
2201 22 17 53 48
2202 113 27 23 35
2203 345 245 101 12 290
2204 19 11
2205 35
2206 60 76 95 42
2207 48 48 53
2208 333 67
2209 17 53 35 48
2210 11 25 0
2211 39 9
2212 107 17 312 126
2213 209 41 25
2214 27 35 113
2215 22 48
2216 76 10 11 42 39
2217 67 0 51 51 41
2218 16 16 21
2219 63 71 64
2220 0 41
2221 128 126
2222 0 243 23
2223 14 96 346 347
2224 76 22 17
2225 22 0 39
2226 96
2227 48 27
2228 25 19 26 87 49
2229 27 24
2230 35 22 43
2231 48 14
2232 35 35 48 274 113
2233 171 171 171
2234 90 65 11 6
2235 52 88
2236 14 60
2237 63 39
2238 10 7
2239 5 107 43
2240 243 25 0 23
2241 0 2 25 2
2242 0 73 11
2243 0 165 22 124
2244 16 16 0
2245 0 10 148 6
2246 0
2247 76 22 95
2248 17
2249 40 73 11 0
2250 145 17
2251 39 67 5
2252 27 27 0
2253 0 11 0 0
2254 0 59 24 27 24 24
2255 174 113 35 48
2256 348 348 53 48
2257 41 0
2258 64 64 121
2259 27
2260 281 349
2261 27 122 14 7
2262 89 0 14 209
2263 127 86
2264 0 69
2265 0 10
2266 30 14
2267 83 113 35
2268 37 0 24 258
2269 22 0 39 10
2270 0 53 310 35
2271 161 0 4 9
2272 171 171 171
2273 171 171 171
2274 209 0 41
2275 10 153 0 42
2276 350 236
2277 53 39 48
2278 25 159
2279 0 39
2280 0 221 25
2281 25 73 22 0 10
2282 46
2283 20
2284 39 140
2285 133 27 11
2286 286 113 27
2287 63 14
2288 59 24 0 39
2289 76 15 122
2290 19 14 11
2291 255 131 3
2292 35 253 63 113
2293 0 84 84 102 10
2294 27 11 6 10 82
2295 1 1 58
2296 76 4 121
2297 48 22 23
2298 90 105 0 10
2299 14 11 0
2300 0 60
2301 17 25 42 11
2302 22 10 11
2303 10 76 39 22
2304 11 10
2305 2 30 207 73 117
2306 39 351 269 248 25
2307 126
2308 73 23 0 25
2309 0 71
2310 35 22 48
2311 331 0 22
2312 136 0
2313 65 14 10
2314 0 24
2315 0 86 86
2316 0 152
2317 254 86
2318 105 10 27
2319 73 0
2320 14 63 96
2321 101 90
2322 0 40 25
2323 39 23 22
2324 0 2 209 209
2325 11 39 73
2326 82 22
2327 76 11 17 22
2328 17 155 6
2329 66 11 83 66 66
2330 209 0
2331 0
2332 22 175 165
2333 244 244 306 53
2334 25 42 0 192
2335 197 326 122 65
2336 71 0 172
2337 39 242
2338 39 254 254 22
2339 0 53 22
2340 48 35 46
2341 68 0
2342 0 25
2343 5 131 35 113
2344 53 25 48 24
2345 207 11 25
2346 2 0
2347 35 113 48 123
2348 0 59
2349 0 260 42
2350 14 36
2351 161 0
2352 11 0
2353 10 39 9 22
2354 152 0
2355 114 10
2356 11 14 17
2357 27 11 17
2358 352 23
2359 27 22
2360 171 171 171
2361 95 0 42 95
2362 6 142 204
2363 42
2364 6 148 148
2365 76 22
2366 11 283
2367 0
2368 131 283 43
2369 0 19 1
2370 21 11 21 0 0
2371 0 12
2372 60 39 10 42
2373 26 1 165 25
2374 0 39 0
2375 137 26 0 25
2376 17 25 10 0 39
2377 63
2378 142 353 5
2379 113 48 53 22
2380 2 126
2381 84 205 22
2382 39 11
2383 82 187 22
2384 0 25
2385 0 22 23 6
2386 14 11 22
2387 171 171 171
2388 11 10 17 48 53 22
2389 4 14 6 14
2390 0 6
2391 121 314 80 9 48
2392 41 0 40
2393 42 95
2394 222 52 43 252
2395 354 269 77 171
2396 63 9
2397 60
2398 0 41
2399 100 71 0
2400 11 6 65 164
2401 312 11
2402 0 42 265 274 274
2403 0 1 14
2404 10 27
2405 48 17 35 48
2406 40 0 21 21
2407 0 10 71 71 71
2408 64 53 48 48 7
2409 0 0 0
2410 188 59 5 131 0
2411 245 161
2412 42 60
2413 300 23 6
2414 0 42 2 53
2415 13 160
2416 0 41
2417 81 145 0
2418 39 0 184
2419 96 0 14
2420 64 0
2421 53 22 11 14
2422 48 22
2423 24 0
2424 73 0 324 11
2425 0 71
2426 60 229
2427 14 11 17 86
2428 171 171 171
2429 14 175
2430 0 11
2431 0 14 11
2432 11 86
2433 25 0
2434 10 11 27
2435 11 10 0 22 73 17
2436 0 10 242 39 71
2437 0 28
2438 14 53
2439 27 162 11 10 133 86
2440 0 40 0
2441 23 22 0
2442 17 14 11 117 2
2443 171 171 171
2444 71 71 71 71
2445 71 0
2446 7 22
2447 0 71
2448 0 71 71
2449 96 14 63
2450 39 0
2451 14 355
2452 90 27 23 6
2453 71 0 22
2454 11 10
2455 0
2456 11 27
2457 159 7 24
2458 60
2459 292 48
2460 188 35 43 0
2461 14 11 17
2462 301 0
2463 76 35
2464 25 0
2465 10 27
2466 0 273 324 143
2467 96 14
2468 171 171 171
2469 0 14 53
2470 14 17 11
2471 6 0 161 0 39
2472 39 53
2473 68 0
2474 0 48
2475 21 236
2476 0 327 23 0
2477 0 11 41
2478 142 5 131
2479 59 165
2480 42 40 162 73
2481 356 52 335
2482 39 0
2483 0 10
2484 124 14 11 82
2485 22 48 39 76 73
2486 71 10
2487 355 199 114 169
2488 171 171
2489 39 41 0
2490 60 42
2491 42 84
2492 41 0
2493 138 263 119
2494 21 0
2495 39 86 7
2496 35 35
2497 46 83 35
2498 48 22 53 35 23 125
2499 27 11 6
2500 68 14 250
2501 10 14 22 27
2502 27 22 39 10 0
2503 0 42
2504 42 39 53
2505 14 36 186 357
2506 17 22 0
2507 0 68 207
2508 10 11 76
2509 27 65 11 165
2510 19 24
2511 16 22 16 16 11 0
2512 48 22
2513 48 48 22
2514 0 23 73 8
2515 10 65 22
2516 14 10 0 25 304
2517 73 19 23
2518 71 71 53
2519 0 86
2520 39 0
2521 22 11
2522 4 236 47 159
2523 22 200
2524 41 25 0
2525 22 22 11
2526 23 23 110
2527 14 19 19 19 19
2528 68 35
2529 25 10 0 23 166 71
2530 12
2531 69 26
2532 0 24 6
2533 19 0
2534 11 0
2535 95 48 76 22
2536 145 73 0
2537 27 22 11
2538 81 265 118
2539 0 1 24
2540 0 0 10
2541 0
2542 0 11 35
2543 39 10 0 64 22
2544 35 22 23 48 53
2545 17 14 86
2546 11 17 53
2547 0 14 25 17
2548 0 14 117
2549 113 48 48 35
2550 60 39
2551 22 48 0 152 22
2552 96 14 30
2553 53 48 0
2554 27 22
2555 160 73 29 28 29
2556 11 0
2557 265 81 63
2558 14 122
2559 66 104 70 76
2560 11 130 12 14
2561 27 0
2562 0 57
2563 4 0 95 24
2564 171 171
2565 39 122
2566 287 358 359 152
2567 0 19
2568 10
2569 53 35
2570 71 0 71 25
2571 69 0
2572 0 68
2573 10 9 27 140
2574 39
2575 0 2 25 360
2576 28 21 0
2577 25 0
2578 14 96 53
2579 11 17
2580 11 0 0
2581 0 243 263
2582 71 71 24 0
2583 39 76 42 48
2584 172 0 2
2585 12 0 19
2586 153 17 0
2587 14 42
2588 71 0 71
2589 22 14 10 27 133
2590 22 22 187
2591 35 113 48 89
2592 21
2593 11 21 136
2594 80 110 296
2595 14 11 48
2596 0
2597 257 50 14
2598 361 285 39
2599 52 333
2600 39
2601 35 7
2602 154 68 315 2
2603 0 0 53
2604 107 52 159 75
2605 21 11 21
2606 19
2607 41 102 0
2608 27 35
2609 21 95 0
2610 25 0
2611 0
2612 0 25 17
2613 0 41
2614 121 60 39
2615 0 53
2616 101 71 0
2617 153 0 273
2618 63 39
2619 217 7 48
2620 17 11 0
2621 9 17 53 35
2622 0 0 22
2623 39 152
2624 53 79 0 0
2625 118 14
2626 14 11 17
2627 23 22 125
2628 0 65 258 40 172
2629 11 22 17 73
2630 0 68 68 263
2631 63 134 189
2632 16 48 88
2633 23 0
2634 0 154
2635 69 42 0 64 161
2636 23 9
2637 23 0 9
2638 11 39
2639 10 177 0
2640 0 28 244
2641 0
2642 23 76 9
2643 22 53 35
2644 16 0 17
2645 39
2646 10 65
2647 22 39 53 73
2648 14 122 39
2649 71 0
2650 0 35 48
2651 148
2652 27 10 10
2653 68 88 68
2654 0 154
2655 0 14
2656 94 142
2657 65 22 17 240
2658 24 101 12
2659 30 86 16 86 186
2660 39
2661 27 24 24 165 0
2662 0 73
2663 0 310 35
2664 14 6 70
2665 75 21
2666 0
2667 11 0 57
2668 0
2669 2 25
2670 16 207 259 32 362
2671 118 99
2672 23 9 65
2673 0 71 100
2674 22 11 23
2675 0 154 68 220
2676 22 60
2677 161 63 39
2678 22 122
2679 39
2680 71 181 71
2681 35 48 113 96 13
2682 22 27 10
2683 0 71 40
2684 113 23 54
2685 11 60
2686 19 17
2687 71 22 71 71 71
2688 89
2689 25
2690 0 38 69
2691 35 113 48 23
2692 22 39 254
2693 2 209 209 0 2
2694 25 24 258
2695 41 51 48
2696 11 76 22
2697 10 71 71
2698 0 25 192
2699 0 41
2700 96 14
2701 64 22 76
2702 39 143 0 17
2703 11
2704 39 25 0
2705 14
2706 0 120 0 25
2707 254 283 79 138
2708 53 22
2709 0 2
2710 22 0
2711 25 26 56
2712 4 48
2713 21 11
2714 64 0
2715 86 127 77
2716 160 28 14
2717 23 9
2718 0 25 17 59
2719 11 17
2720 52
2721 68 220 183
2722 39 0 25 172
2723 22 67
2724 0 325 59
2725 39 10 27 153 17
2726 41 89
2727 0 0 0
2728 22 39 95 95 48 11
2729 332 154 0 67
2730 14
2731 0 154
2732 0 41 11
2733 14 53
2734 71 181 0 71
2735 164
2736 76 22 11
2737 265 81 0
2738 14
2739 0 73 14 11
2740 71 214
2741 0 71 71
2742 22 48
2743 53 14 0
2744 10 11 27
2745 342 169
2746 42 11 95
2747 329 14 42 86
2748 27 32
2749 71 321
2750 11 39
2751 22 7 76
2752 20 11 82 31
2753 0 39
2754 40 25 0
2755 14 10
2756 171 171 171
2757 96 0
2758 11 41
2759 71 71 10 39 22 71
2760 0 134 12
2761 95 242 10 39 11
2762 0 11
2763 22 23 6
2764 28
2765 22 35 48
2766 11 21
2767 0 39
2768 41 0
2769 140 10 39 122
2770 53 19 11
2771 0 25 11
2772 4 0
2773 22 217 48
2774 46 48 83 66 121
2775 164 65 105 0
2776 14 40
2777 0 19 81 265
2778 6 283 5 131
2779 0 265 11
2780 0 321 11
2781 0 26 25
2782 39 76 48
2783 263 2 0
2784 39 11
2785 11 42
2786 0 71
2787 48 48 113 23 0
2788 100 42 71 100
2789 65
2790 41 0 258
2791 41 0
2792 14 20
2793 39
2794 333 47
2795 0 41
2796 22 0 64
2797 0 2 2
2798 0 0 25
2799 0 42
2800 124 14 257
2801 27 10
2802 110 11 272 17 105
2803 118 254
2804 209 49 25 19 0
2805 171 5 142
2806 39 73
2807 41 0
2808 22 48 14
2809 42 60
2810 0 46
2811 134 0 69
2812 23 140 10 22
2813 70 22 114
2814 19 12
2815 10 47 227
2816 0 209 19
2817 0 41
2818 207 0
2819 11 39 0
2820 73
2821 10 11
2822 33 11
2823 22 73 48
2824 14 0
2825 76 2 2 2
2826 14
2827 95 95 21 21
2828 41 0
2829 96 14 6
2830 363 76 207 364 32 75
2831 22 52
2832 73 207 52
2833 42
2834 22 10 23
2835 96 46 0 14
2836 0 25
2837 63
2838 165 22 39
2839 76 53 48
2840 24
2841 23 0 59 22
2842 2 0
2843 19 101 299
2844 0
2845 22 76
2846 35 35 35
2847 69 0 22 25 202
2848 0 134 69 17
2849 64 0 217
2850 42 82
2851 39 286
2852 71 39 10 71
2853 65 24
2854 244 365 28 48 48
2855 28 0 223
2856 317
2857 5
2858 71 0
2859 14 20
2860 22 163 52
2861 53 217 35
2862 28 0
2863 117 96 69
2864 192 0
2865 14 96 52 339
2866 9
2867 71 0
2868 82 30 286 28 288 9
2869 0 71
2870 142 7
2871 3
2872 26 0 25
2873 35 23
2874 10 11 42 105 39
2875 155 52 107
2876 0 68
2877 71 221 0
2878 35 0 258 100 53 258
2879 42
2880 39
2881 39 23
2882 24 86 0
2883 202 49 49
2884 73 0 161 39
2885 0 63 11
2886 86 39
2887 39
2888 39 10 11
2889 0 71
2890 0 23 230 69
2891 0 42 22 11
2892 0 57 11
2893 22 22 76
2894 0 48 9
2895 0 39
2896 25
2897 0 105 1
2898 22 76 0
2899 14 50
2900 6 231 366 63
2901 35 35
2902 86 127 191 11 22
2903 64 0 73 365
2904 41 0
2905 22 10
2906 48 32
2907 10 343
2908 71 24 71 24 0
2909 73 52 207
2910 14 22 11 17
2911 197 260 42 0 22
2912 117 117 0 89 14
2913 27 67
2914 48 22 0
2915 0 22 73 0
2916 107 159
2917 68 109 324 0 367
2918 96 14 63
2919 0 24 71
2920 48 0 22
2921 71 0
2922 105 39 39 39
2923 25 84 26 10 0
2924 0
2925 35 196 138
2926 22 53 11
2927 27 114 27 39 0
2928 42 64 0
2929 0 71
2930 11 89 14 21
2931 0 258 10
2932 89 53 48
2933 82 126 22
2934 263 25 0
2935 0 243 17
2936 11 39 42 10 83
2937 35
2938 14 59 96 0
2939 42 17 143 0
2940 68 0 287 6
2941 96 0
2942 0 19 1
2943 30 186 211
2944 42 59 39 209 209
2945 128 154 128
2946 24 0 14 11
2947 22 76 121
2948 27 0
2949 53 22 0
2950 25 11 14 82 6
2951 17 53 48
2952 86 14 23
2953 360
2954 48
2955 0 65 10 105 154
2956 122 39
2957 73 204 77 286 6
2958 0 197 260 42
2959 25 0
2960 137 64 0
2961 42 71
2962 151 0
2963 11 25 64 39
2964 50 14 22 6
2965 0 71
2966 0 19
2967 0 16 13
2968 53 48 22 94
2969 71 10
2970 0 59 11
2971 0 22 73
2972 27 10 250
2973 14 11 73
2974 40 96 14
2975 368 223
2976 27 42
2977 39 7
2978 0
2979 140 27 27 27
2980 39 142
2981 63 48 76 39 76
2982 41 172 0
2983 53 35 58 0
2984 68 25 0 54
2985 0 19
2986 11 76 22
2987 22 60
2988 41 40
2989 10 22 23 9
2990 10 27 11 301
2991 0 10 39 177
2992 39 22 23
2993 65 164
2994 35 53 22 23 9
2995 28 63
2996 234 4 338 6
2997 187 11 22 6 121 155
2998 63 367
2999 14 30
3000 35 46
3001 19 172 0 49
3002 171 171 171
3003 71 6 207
3004 10 65
3005 22 23 61
3006 23 22 39
3007 48 369
3008 60 73
3009 41 0
3010 25 48 53
3011 8 24 120
3012 283 63
3013 14 39
3014 14 11 11 73
3015 67 27 27 133
3016 39 0 22 73 23
3017 71 0
3018 42
3019 42 0 274 274
3020 156 199 109
3021 10 76 39 60 14 11
3022 8 218 5
3023 22 11 41 14 17
3024 0 0 117
3025 76 4
3026 1 0 25
3027 10 76
3028 337 68 68 370 68
3029 10
3030 53 154 11
3031 123 82 169 22
3032 71 71 63
3033 10 39 0
3034 96 305
3035 0 17 73
3036 83
3037 95
3038 53 113 0 263
3039 11
3040 142 131 43 217 28 305
3041 0 25 39
3042 58 0
3043 61 42 162 73
3044 142 33
3045 9
3046 109 12 174 70
3047 71 71 6 207
3048 117 0
3049 11
3050 0 41 82 11
3051 0 0
3052 0 0
3053 53 17
3054 10
3055 22 48 48 23
3056 0 95 41
3057 273 0
3058 122 27 53
3059 73 236 228
3060 108 22
3061 222 18 28
3062 0 11 25 39 2
3063 27 24 242
3064 41 0 40
3065 17 23
3066 135 253 12 256
3067 22 7 35 35
3068 171 171 171
3069 113 5
3070 0 0 39
3071 143 0 17
3072 4 95 0
3073 148 122 350
3074 5 206 138 28
3075 156
3076 0 41 40
3077 0 2 25
3078 371
3079 188 5 142
3080 39
3081 351 11 76 39
3082 30 14 10 73
3083 52 67
3084 0 68 42
3085 206 3 131
3086 0 23 17 243
3087 11
3088 14 27 65
3089 11
3090 310 0
3091 213
3092 22 76 0 0
3093 59 11 0 10 39 17
3094 65 65 165 14
3095 0 41 184
3096 283 0 11 131
3097 0 39 6
3098 27 65 14
3099 11 14 11 27
3100 325 0 59 63 0
3101 48 22
3102 0 0
3103 169 114 65 164
3104 76 95
3105 63 39 10 27 11
3106 27 14 22 24 39 42
3107 90 105 95 22
3108 0 265
3109 25 11 0
3110 14
3111 0 2
3112 10 149 203
3113 0 41
3114 0 164 10
3115 14 39
3116 39 48 48 48
3117 10 0
3118 22 11 39
3119 257 4
3120 53 48
3121 40 0
3122 6 48
3123 0 22 0
3124 0 39
3125 22 14
3126 107 52 159
3127 63 350 250
3128 11 22
3129 76 22
3130 0 41 181
3131 10
3132 14 0
3133 257 124 36
3134 71 42 0
3135 41 0 1
3136 0 154
3137 0 197
3138 0 63
3139 23 48 22 35 113
3140 258 89 96 0 14
3141 25 10 0 0
3142 69 0 134 40
3143 0 25 40
3144 64 0
3145 27 23 17 0
3146 53 48 22 35 76
3147 10 117 14
3148 0 0 73 0 207
3149 0 42
3150 11 48 73 359
3151 39 86 128
3152 0 84
3153 0
3154 27 10 39
3155 96 14 0
3156 140 53 142
3157 14 10 39 96 22
3158 0 0 0 22 76 152
3159 165 60
3160 140 268 95
3161 40 71 0
3162 73 22 17
3163 152 114 22
3164 121 0 0
3165 40 243 25 0
3166 27 27 122 14
3167 23 6 22
3168 0 25 258
3169 11 250
3170 64 59 207
3171 0 22 76
3172 143 143 0
3173 0 22 35
3174 0 102 68 88
3175 48 48
3176 0 125
3177 39
3178 0 0 39 67
3179 10 27
3180 177 0
3181 39 42 60
3182 11 53 48
3183 0 209 209 2 25
3184 63 39 161
3185 76 14
3186 361 113 89 96 35
3187 48 53 22 48
3188 14 63 0 25 39
3189 122 23 0
3190 17 11
3191 21
3192 25 0
3193 41 11 0
3194 22 321 23
3195 76 2 2
3196 24 11
3197 10 11
3198 40 25 0
3199 26 0 25
3200 243 0 17 10
3201 82 284 105 95
3202 197 164 10
3203 0 42 121 60
3204 39 39 0
3205 0 19 49
3206 164 0
3207 17 27 0 0 73
3208 265 0 81 265
3209 265 0 145 1
3210 284 205 124 257 11
3211 76 27 22
3212 0 0 0 268 0
3213 42 76 11
3214 39 0 0 60
3215 69 265 0
3216 258 0 71 0
3217 21 206 0 21
3218 22 53 35 48
3219 14 11 10 22 17
3220 73 11 23
3221 164 10 60 164 40
3222 14 96 10
3223 68 0
3224 0 64
3225 27
3226 0 71 0 0
3227 22 11
3228 14 76 17 22
3229 27
3230 0 11 6
3231 102 11 22
3232 42 10 0
3233 10 23
3234 40 73 11 0
3235 59 43 199
3236 10 23 39
3237 53
3238 155 20 108 11 107
3239 25 0 40 166 25
3240 0
3241 25 84 372 84 84
3242 0 6
3243 217 187 362
3244 11 25 59 0
3245 17 175
3246 17 0 0
3247 42 10 39 165
3248 89 14 11
3249 81 265 0
3250 153
3251 22 14
3252 221 172 25 0
3253 89 0 20 14
3254 9 71 38 76 71
3255 230 17 63
3256 117 0 117
3257 156 17 53
3258 10 301
3259 23 22 159 113 35
3260 222 0 28
3261 0 11 17
3262 22 53 48 113 117
3263 211 43 14 346
3264 274 62
3265 95 27
3266 11 30 14 96
3267 68 0 68 68 0
3268 11 39
3269 0 71
3270 20 52
3271 22 22 22
3272 39 23 22 10
3273 85 84 25
3274 0 0 193
3275 10 0 40
3276 24 71 17 0
3277 48 7 217 53
3278 64 166 0
3279 73 0 14
3280 14 23
3281 35 39 0 22 184
3282 22 11 0 172
3283 0 71 73
3284 42
3285 11 0 17
3286 0 24 1
3287 0
3288 127 103 53 197
3289 0 301
3290 0 25
3291 0 109 2
3292 0 0
3293 14 28 14
3294 53 48 22
3295 39 106 25 64
3296 25 0 26
3297 0 65 10 1
3298 10
3299 25 134
3300 0 0 39
3301 42 23 11 17
3302 164 10 165 11 20
3303 27 10 82 11
3304 25 39 0
3305 0
3306 35 22
3307 171 171
3308 53 5 35
3309 113 373 256
3310 41 16 0 16
3311 39
3312 11 14 53
3313 33 63 131
3314 0 107 0
3315 374 0
3316 14 6 11 82
3317 0 39 60
3318 0
3319 22 48 23 54
3320 25 0 25 22 39
3321 342 22 4
3322 0 41
3323 2 2 25 0 0
3324 9 214
3325 25 0 10 26 40 258
3326 11 9
3327 70 350
3328 53 48
3329 52 88
3330 53 217
3331 126 0 101
3332 113 35 23
3333 53 142 39
3334 14 96 35
3335 10
3336 0 0 9 58
3337 253 211 110
3338 192 0 25
3339 14 82 159
3340 39 86 254
3341 11 23 9 19
3342 39 53
3343 0
3344 39 11
3345 0 11 41 258
3346 25 25 25 6
3347 0 53
3348 17 11
3349 16 43 13
3350 0
3351 0 25
3352 59 0
3353 73 76
3354 73 14
3355 25 0
3356 35 35
3357 166 0 181
3358 76 10
3359 0 2 117
3360 0 41
3361 71 10 71
3362 39 22 264
3363 10 65 11 39
3364 22 53 35 287
3365 22 5 20 159 20
3366 9 12
3367 0 14 197
3368 0 17 69
3369 59 175
3370 58 22 0
3371 236 228 60
3372 0 274 265
3373 9 39 23
3374 53 27
3375 0
3376 23 6 97
3377 96 52 63 67 14
3378 0 115 59 53 11
3379 96 14
3380 0 53 35
3381 122 122 39 10
3382 223 186 244 63
3383 0 298
3384 0
3385 17 73 0 11
3386 105 11 65 149 10
3387 69 0 40
3388 12 203 101
3389 41 53 48
3390 39 9 9 9
3391 42 53 48
3392 60 165
3393 22 14 146
3394 101 286
3395 164 10 27 133
3396 0 9
3397 265 11
3398 25 0
3399 0 41
3400 25 0 1 258
3401 39 42 76 27
3402 4 64 291 64 64 64
3403 46 0
3404 128 14
3405 39 14
3406 17 11 22 19
3407 35 22 48 35
3408 14
3409 53 0 73
3410 17 11 69
3411 48 35 48 59
3412 11 39
3413 0 40 331
3414 41 0 143 70
3415 48 35 53
3416 17 301 11
3417 0 36 14
3418 48
3419 0 16 16
3420 39 25 22 0
3421 76 22 27 0 10 86
3422 25 41 0 172 258
3423 73 0 161
3424 22 281 76
3425 101 12
3426 0 17 25
3427 39
3428 48 12 0
3429 53 248 371 48 113
3430 0 68 332 72
3431 19 0 321
3432 53 22 11 17 65 27
3433 14
3434 41 53 0 28
3435 156 14
3436 73 22 0
3437 2
3438 0
3439 95 27
3440 39 10 76
3441 0 16
3442 25 0
3443 48 35 48
3444 59 0
3445 131 63 5 33
3446 14 11 60
3447 171 7
3448 2 39 25 0
3449 14 30
3450 54 48 53 35 23
3451 14 11 11
3452 16 243 9 0
3453 0
3454 11 22 0
3455 101 43
3456 161 0 25
3457 71 214 42
3458 282
3459 99 87
3460 0 0
3461 14 25 11
3462 0 39 0
3463 60 10 11
3464 375 322 12
3465 22 0 0
3466 68 68 0
3467 83 6
3468 11 11
3469 25 11 26
3470 76 35 125 113 22
3471 42 0
3472 51 25 25 11
3473 17 0 22 25 73
3474 252 33
3475 40 0 41
3476 0
3477 14 23 22 6 50
3478 3 8 317
3479 140 60 27
3480 9 23 0
3481 14 250
3482 25 0 26
3483 9 39
3484 39 0
3485 0 9
3486 194
3487 0 143 273
3488 153 0
3489 9
3490 10 48 22
3491 152 121 211
3492 25 0 24
3493 6
3494 69 265 0 40
3495 27 336 40
3496 17 62 110 151
3497 139 99
3498 39 25 0
3499 69 70 64 0
3500 25 40
3501 0
3502 25 6 82 11
3503 27 27 122
3504 113 14
3505 39 10 27 24 140
3506 24 22 17 11 0
3507 48 48 14 53
3508 48 17 22
3509 0
3510 70
3511 174 109 0
3512 273 0 11 25 64 17
3513 77 140 142
3514 0 67 16 63
3515 92
3516 65 53 24
3517 17 11 73 41
3518 71 0
3519 2 2 0 40 26
3520 14
3521 39
3522 10 14 39 27
3523 53 22 21 21 21
3524 22 0 73 17
3525 20 159
3526 39 122
3527 14 63
3528 17 5 188 21
3529 0
3530 59 0 376 263
3531 14 165
3532 7 118
3533 19 126 25 49 0
3534 343 10 6
3535 171 171 41
3536 48 119
3537 14 71
3538 0 42
3539 65 86 14 76
3540 0 117 14
3541 0 2
3542 263 258 39
3543 0 14
3544 48 88 204 48
3545 10 0 153
3546 27 73
3547 9 90 12
3548 0 43
3549 10
3550 73 22 17 0
3551 16 0
3552 137 199 6
3553 27 10 27
3554 71 25 100 172 0
3555 105 164 65 1 0
3556 171 63 76 22
3557 46 39 22
3558 14 27 10 24 140
3559 113 22 35
3560 0 21
3561 0 11 40 73
3562 0
3563 86 0 11 22
3564 0 39 10
3565 9 22
3566 197 10 27 9 326 65
3567 60 22 42
3568 0 42 76 59 76
3569 10 65
3570 0 41
3571 0 54
3572 0 40 2
3573 186 29 6
3574 96 14
3575 218 48
3576 0 39 71 71
3577 76 22 11
3578 14 11 71
3579 59 165
3580 22 76
3581 105 71 23 22
3582 19 86 250
3583 90 24 1 49 22 0
3584 68 0 68
3585 43 11 59
3586 171 171 171
3587 291 16 39
3588 39 0
3589 0 215 215
3590 76 152 11
3591 11 76
3592 16 0
3593 27 10 11
3594 73 11 22 76
3595 25 266 0
3596 11 0 0 25 26
3597 65 11 123
3598 64 0 41
3599 69 0 0
3600 71 0 71 63
3601 25 2 0 68
3602 97 73 153
3603 0 17
3604 11 22 65
3605 48 48 53
3606 90 23 148 53
3607 1 0 14 25
3608 96 65 14
3609 168 24 76 14 0
3610 0 0 0
3611 30 27 86 14 73
3612 71 42
3613 0 69
3614 22 123
3615 39 76
3616 39 254 377
3617 76 255 24
3618 0 25 378
3619 0 39
3620 48 76 0 316 68 24
3621 35 46 0
3622 0 10 140 242 16
3623 254 171 171 171
3624 21 11 0
3625 22 23 39 48 53 9
3626 71 0
3627 22 23 248
3628 0 19
3629 0 187
3630 71 71 25 0
3631 67 76 52
3632 22 59 0
3633 197 21 0
3634 65 10 14
3635 65 9 165
3636 4 42 71 0
3637 35 163
3638 159
3639 96 14
3640 14 255 39
3641 152 76
3642 0 69 68 258
3643 53 11 39
3644 228 76 73
3645 11 90
3646 206
3647 258 0 57 19 25
3648 0 63
3649 35
3650 121 73 39
3651 0 68
3652 0 17 43
3653 168 24 27
3654 113
3655 302 48 176
3656 73 22
3657 22 23 9 27 10
3658 0 5
3659 39 9
3660 22 22
3661 6 10 0 39
3662 39 122 249
3663 39 0 25
3664 27 11 169
3665 53 73 39 22
3666 64 323 0
3667 68 0 263 68 10 243
3668 17 243 0
3669 0 26 25
3670 0 257 59 11 14 124
3671 161 0
3672 0 134 39
3673 75
3674 14 119 96
3675 9
3676 10 14 135
3677 39 22 76 63
3678 0 41 180
3679 0 2 2
3680 113 48 6 23 22
3681 10 27
3682 42 268 42 10 11
3683 215 53 48
3684 76 0
3685 63 28 28
3686 35 4
3687 25 153 0
3688 5 142
3689 39 22 63
3690 11 21
3691 6 0
3692 65 10 14
3693 11 0 25 41
3694 220 0
3695 82 169 155 42
3696 0 41 5 192
3697 86 14
3698 0 10
3699 27 10
3700 60 11
3701 25 0
3702 22 11 110 6 17
3703 80 10 80
3704 71 71 25 64 0
3705 65 65 53 80
3706 11 42
3707 0 22 0
3708 0
3709 25 39 0 75
3710 41 0 39
3711 14 14
3712 0 68
3713 171 171 53
3714 0 24
3715 21 0
3716 53 43 6
3717 19 0
3718 301 0
3719 117 0 117 360
3720 16 22 63 66
3721 148
3722 23 22 0
3723 16 16 0 11
3724 61
3725 99 89 96 28
3726 24
3727 48 35 113 53 22
3728 0 42 68 68 114
3729 107 108 159 11
3730 76 175 175
3731 41 0
3732 39 0 71 10
3733 156 53 17
3734 11 39 22 10
3735 208 35
3736 25 26 11
3737 64 113 23
3738 146 14 22
3739 76 22 0 25
3740 337
3741 53 27 292
3742 96 14
3743 25 22
3744 14
3745 22 39 48 53
3746 159 53
3747 16
3748 14 11
3749 329 42 153
3750 14 0 196
3751 0 17
3752 0 9 9
3753 25 0
3754 71 71 0 10 39 71
3755 224 0
3756 180 222 305 41 51 94
3757 125 0
3758 39 9
3759 67 63 265 145
3760 22 10 76
3761 76
3762 24 59 0
3763 3 6
3764 107 11
3765 0 73
3766 0
3767 60 39 76
3768 11 0 41 273
3769 82 6 12
3770 27
3771 0 71
3772 71 71 10 71
3773 10 27 27
3774 171 171 171
3775 65 11 17
3776 38 2 0 22 62
3777 0 39 0
3778 27 11 10
3779 0 69
3780 96 14 39
3781 9 10
3782 0 68
3783 11 27 140 10
3784 27 10 133
3785 39
3786 269 94 48
3787 0 40 14
3788 263 0
3789 41 184
3790 42
3791 11 60 10
3792 65 14
3793 39 10
3794 27 95 63
3795 0 39
3796 265 265 0 81
3797 0 1 25 49
3798 17 35 53
3799 84 0 84 84 25 2
3800 57 19 49
3801 76 39
3802 0 0
3803 10 53
3804 0 23 243
3805 171 171 171
3806 60 42 39 10
3807 27 65 11
3808 143 245 307 180 92 182
3809 48 39 73 42 76
3810 76 23
3811 11 133 27
3812 184 0 41
3813 0 25 26
3814 10 22 23
3815 126 86 45 76 14
3816 83 66
3817 71 113 22 71 35
3818 28 63 244
3819 171 171
3820 189 189 89 10 39 14
3821 10
3822 48 11 32 76
3823 379 236
3824 39 181 25
3825 68 22
3826 9 39 23 162
3827 27 10
3828 27 10 11
3829 112 6 76
3830 0 0 0 76 22
3831 17 76 23 22
3832 10
3833 0 17 73 22
3834 42 0
3835 0 27
3836 65 10
3837 0 22 73 76
3838 27 10
3839 14 53 48
3840 273 0 324
3841 11
3842 10 11 45 65 76
3843 365 0 28
3844 68 0
3845 22 0 24 39
3846 52 331 23
3847 171 171
3848 184 71 42 71 10 71
3849 113 53 35
3850 0 19
3851 65 65 10
3852 177 25 0 64
3853 14
3854 14 96 73
3855 217 6
3856 22 60
3857 148 39 11 39
3858 25 0 154
3859 76 22 11
3860 109 40 174 274
3861 0 71
3862 14 17 22 0 257
3863 0 14
3864 84 84 10 39
3865 53 0
3866 41 0
3867 0 10 22 23
3868 76 249 79 104
3869 10 0 68
3870 0 24
3871 10 22 177
3872 113 35 48 125 48
3873 95
3874 11
3875 105 185 149 10 149
3876 14 9 53
3877 11 10
3878 0 9
3879 76 11 42
3880 48
3881 42 71 71 71 71
3882 53 11 24
3883 171 171 171
3884 10
3885 258 0 41 180 21
3886 25 22 11 202
3887 27 60 48 22
3888 0 25 71 129
3889 11 39
3890 0 10 100 71
3891 11 27
3892 0
3893 22 0
3894 65 86 23
3895 286 142
3896 287
3897 86 30 186
3898 0 71
3899 0
3900 171 171 171
3901 222 96 14 28
3902 154 0 42
3903 184 0 16 16
3904 14 53 35
3905 11 53 0 48
3906 142 39
3907 0 64 0 102
3908 42 27 95
3909 21 0 40
3910 0 76
3911 7 63
3912 0 25
3913 25 0 197
3914 0 9
3915 11
3916 0 71
3917 48 27 14 73
3918 0 25
3919 153 329 22 60 0
3920 22 11 121
3921 48
3922 97 6 83
3923 27 11 82
3924 100 14 0 71
3925 25 263 0 40
3926 24 27 90 0
3927 48 49 53 48
3928 0 25
3929 175 175 44 308
3930 0 24 209
3931 27 27 133
3932 0 14 54
3933 10 0
3934 14
3935 27 30
3936 22 10 6 48
3937 142
3938 14
3939 41 0
3940 14 96
3941 122 10 27 39
3942 22 76 0
3943 27 27
3944 0 22 0 71
3945 0 25 25
3946 154 53 0
3947 0 69 17
3948 11 7
3949 30 67 42
3950 27 53
3951 35 39
3952 0 41
3953 53 48 113
3954 22 161 48 10
3955 23 301
3956 19 48
3957 14 0 25
3958 71 71 71
3959 10 14
3960 14 89 4 0
3961 263 0 0
3962 71 42 71
3963 113 48 53 14
3964 11 14
3965 117 117 39 61 212
3966 14 30
3967 164 65 17 11 164 135
3968 48 48 22 6
3969 27 22 273 67 0
3970 41 0
3971 84 58 0
3972 172 0 21 21
3973 95 0
3974 360 1 0
3975 0 63
3976 77 142 5
3977 14 11
3978 0 39 162
3979 171 171 171 80
3980 0 53 25
3981 0 42
3982 25 0
3983 73 10 67
3984 101 101 71 0
3985 0 40 177
3986 0 41
3987 10 27 11 11
3988 0 265 41 81
3989 73 187 22
3990 71 0 0 71 25
3991 10 90
3992 42 39 153
3993 153 40 0
3994 133
3995 243 63
3996 171 171 171
3997 72 117 48 104
3998 27 14
3999 22 46 0 80
4000 27 10 86 27 169
4001 0 19 321
4002 53 42 48
4003 7 337 188 159
4004 14
4005 10 164
4006 14 11 27
4007 0
4008 7 22 142
4009 94 60
4010 100 10 0 89 71
4011 11 96 60
4012 42 0 121
4013 53 48 46
4014 48 113 6 83
4015 76 11 95
4016 140 1 0
4017 39 142 32 22
4018 28 244 28 63
4019 53 35 10
4020 48 83 32 46
4021 21 21
4022 22 67 67 52
4023 11 96 10 14
4024 0 0
4025 142 267
4026 121 42 95 113 35
4027 0 23 73
4028 0 71
4029 64 0 0 39 153
4030 21
4031 65 14 10 22
4032 22 23 6
4033 159 22
4034 101 12 23 22 101
4035 0 17
4036 10 61
4037 76 60 126 76
4038 19 67 0
4039 11 17
4040 22
4041 0 301
4042 22 11 27
4043 76 95
4044 22 73
4045 10 11 82
4046 41 51 0
4047 22 24 10 39
4048 22 22 142
4049 122 39 73
4050 10 39 25 177 0
4051 23 27 22 9
4052 27 39
4053 27
4054 0 25 0
4055 75 22
4056 85 84 2 25
4057 71 71 0
4058 42 82
4059 171 171 171
4060 14
4061 0 71
4062 0 94
4063 43 85 126 124
4064 76 83 95 66
4065 0
4066 51 41 0 209
4067 10
4068 95 27 169
4069 73 27 10
4070 22 11
4071 203
4072 0 96 14
4073 76 14 86 206
4074 0 9 0
4075 22 11 22
4076 48 35 48
4077 0
4078 27 76
4079 11 39
4080 122 74 74 23 0
4081 14 65 65 22 23
4082 2 0 73 17
4083 16 13
4084 11 40 0
4085 25 1 0
4086 48 159 63 48
4087 25 0 16 0
4088 65 35 113
4089 0 0
4090 11 10
4091 14 86
4092 21 207 339 69
4093 10 39
4094 368 354 368 380
4095 22 11 42 244
4096 159 4 80 53 6
4097 71 71 25 0 117
4098 0 73
4099 48 48 46 22 7
4100 71 71 0
4101 0 71 0 100
4102 24 59 0
4103 22 0 100 71 0 71
4104 24 48 217 5
4105 0 2 2 121
4106 27 22 48 39
4107 0 243
4108 86 14 11
4109 0 0 9
4110 10 39 14 11 73
4111 60 22 48
4112 0 71
4113 68 42 0 265 265
4114 96 117 117 14 40
4115 10 10
4116 0 71 42 71
4117 0 43
4118 71 23 71 9 62
4119 100 0 71 39
4120 152 60 11
4121 0 322 19
4122 165 22
4123 255 48 53 0
4124 27 11 17
4125 76 61 22 23 48
4126 35
4127 113 286 142
4128 14 14 0
4129 10 11 22 39
4130 22 14 96
4131 22 114 52 200 292
4132 0 125 42
4133 0 2
4134 0 2 2 67 184
4135 197 89
4136 171 171 171
4137 11 17 22
4138 71 71 71 42 71
4139 22 73 6 23 8
4140 21 21
4141 0 9
4142 153 133 22 27
4143 77 131 283
4144 117 22 14 11
4145 11 0 19
4146 42 61 11 39
4147 0 172
4148 4 4 113
4149 0 39
4150 68 22 113
4151 14
4152 10
4153 22 14
4154 0 41
4155 142
4156 39 48 22 76
4157 16 71 0 71 10
4158 40 209 0
4159 96 28 14
4160 0 0 46
4161 48 53 48
4162 84 53 48 48
4163 53 359 142
4164 70 4 10
4165 0 41
4166 53 244 28 7
4167 65 11 126
4168 0 40 41
4169 35 48 53 14
4170 0 14 94
4171 68 11
4172 73 22
4173 24 0
4174 11 48 14
4175 76 76 95
4176 35 53 25 48
4177 23 48 27 10 76 23
4178 0 242
4179 52 22
4180 286 5 131 3
4181 0 14 96
4182 17 60
4183 10
4184 27 10 48
4185 142 8
4186 63 0
4187 6 23 126
4188 22 23 11 6
4189 59 165
4190 19 14 0
4191 0
4192 39 7 32
4193 0 273
4194 59 0 39 19 321
4195 369 142
4196 0 41 25
4197 0 375 12 19 174
4198 0 2 6
4199 52 63
4200 48 53 17 12
4201 104 113 113
4202 22 0 0
4203 359 17 48 22
4204 86 10 65 27
4205 53 17 11 0
4206 197 0 10
4207 14
4208 48 53
4209 23 83 83
4210 0 25 40
4211 0 321 25 19
4212 2 25 0 2 25 2
4213 27 10
4214 95 7 95
4215 0 106 0
4216 19 0 48 40
4217 11 39 14 15 249
4218 27 0
4219 0 96
4220 39
4221 95
4222 22 22 63
4223 0 154
4224 7 159 110
4225 10 27
4226 14 11 73
4227 9 63 14
4228 0 68 68
4229 48 46 9
4230 0 154
4231 48 14 99 192
4232 27 255
4233 117 0 71 71 71 71
4234 35 113 53 217
4235 27 39 10 42
4236 105 10 164
4237 0 24 40
4238 84 84 84 25 0
4239 73 39
4240 0 22 39 71 221
4241 19 257 49
4242 22 0 187 40
4243 0 25
4244 22 152
4245 0 68 17
4246 370 92
4247 53 14 188
4248 27 27 39 0
4249 53 48 215 48
4250 66 97 83 17
4251 31 20 20 63
4252 0 19 11
4253 337 370
4254 0
4255 53 48 117 2 117 360
4256 0 22
4257 28 28 244 63
4258 0 41 258
4259 0 221 0
4260 105
4261 0 68 68
4262 2 220 119
4263 0 40 24 59
4264 0 41
4265 0 41
4266 14
4267 381 99
4268 7 142
4269 0 0 24
4270 35 22
4271 71 0
4272 0
4273 0 324 118
4274 48 10
4275 53 22 76
4276 71 0 6 11
4277 22
4278 258 0 96
4279 0 11 71
4280 95 42 27
4281 10 11 27 22
4282 71 71 22
4283 68 68 68 68 53
4284 22
4285 53 35 48 364
4286 0 39 209
4287 0 71 1
4288 86 165
4289 168 53 24
4290 0 14 96
4291 0 76 0
4292 14
4293 22 14 14 211
4294 46 104 35
4295 43 3
4296 17 35
4297 17 11 22
4298 0 359 263 0
4299 171 171 171
4300 65 0
4301 76 14 11
4302 60
4303 113 35 9 23
4304 10 148 11
4305 27 10 11
4306 286 0
4307 0 71 100
4308 68 5 43 0
4309 257 14
4310 0 136
4311 208 35
4312 2 258 2 2 2
4313 0 42 22 10 17
4314 22 0
4315 35 22
4316 0
4317 25 40 0 26
4318 73 11
4319 25 0 10
4320 0 2 1 360 117 117
4321 171 171
4322 164 10 76 164
4323 0 0 0 166
4324 0 19
4325 248 48 53 22
4326 0 0
4327 39 0 150 25
4328 22
4329 110 4 47 352
4330 92 114 22
4331 14
4332 154 0
4333 63 25
4334 27 27 22
4335 83 95 25
4336 22 53
4337 11 207 25 23
4338 27 53 10 11
4339 0 263 39
4340 25 0 26 192 192
4341 87 218 22
4342 9 96 0
4343 30 14
4344 39 229
4345 125 125 0
4346 133 10 90 27 53 27
4347 25 0
4348 27 35 53 22 23
4349 113 35 12
4350 0 39
4351 96 53 48 48 14
4352 27 11 53 22
4353 22 59 24
4354 9 35 53
4355 156 199 114 169
4356 54 54 0 23
4357 16 47 259
4358 280 63
4359 184 41 0
4360 11 42 39 10 14
4361 21 111
4362 17 265
4363 10 46
4364 168 71 71 24 71 0
4365 332 274 154 0 42
4366 65 10
4367 39 76 22
4368 129 41 26 0 25
4369 35 48 53 113 255
4370 22 22 22
4371 0 19 1
4372 0 39
4373 35 53
4374 0 25
4375 14
4376 14 27 27
4377 11 17 22
4378 342 24 114 22
4379 0 96 14
4380 0 40 151
4381 24 27
4382 23 22 12
4383 0 25
4384 0 0 2
4385 22 17 11
4386 48 48 22 63
4387 11 22 17 76
4388 21 21 28 0
4389 14 9
4390 52 22 24
4391 25 0 10
4392 27 133
4393 0 16
4394 25 48 84 84 48
4395 121 11 11
4396 19 11 17
4397 0 0 76 0
4398 65 65
4399 39 0 71
4400 0 25
4401 14 96 0 189
4402 0 71
4403 0 39 10
4404 0 24
4405 209 25 0
4406 39 76
4407 0 0 0 33 0 156
4408 61 11 60
4409 39 249
4410 11 27 10
4411 40 0 71
4412 0 25 105 65
4413 96 14 40
4414 10 39
4415 117 22 382
4416 68 0
4417 39 22 0
4418 23 22 53 39
4419 10
4420 76 83 0 121
4421 142
4422 9 39
4423 27 11 23
4424 27 140
4425 63 0 28 22 41
4426 22 27 10
4427 32 240 10
4428 42 11 53 48
4429 192 0 14 96
4430 0 134 192
4431 96 14
4432 24 0 42 17 0
4433 76 22
4434 71 95 42
4435 17 11 0
4436 353 39 142
4437 22 11 27
4438 209 54 54 0
4439 21 11 0
4440 133 27
4441 0 136
4442 171 171 171
4443 0 39
4444 53 0 81 0
4445 22 24
4446 22 60 12 101
4447 0 14 86
4448 11 96 25 14 17
4449 0 1 2
4450 35 35 361 35 113
4451 76
4452 42 70 73 22
4453 27 10 22
4454 17 22 46 140
4455 236 121
4456 0 41
4457 53 35 48
4458 68 0 68 68 16
4459 25 84 85 26 55
4460 0 23 9
4461 0 41
4462 71 22 11 17
4463 376 0 32 0
4464 0 40
4465 71 0 71
4466 161 0 150 39
4467 0 41
4468 39 258 181 25 10
4469 11 86
4470 11 17
4471 0 0 68
4472 171 28
4473 89 36
4474 0
4475 14 36 46 241
4476 25 0 0
4477 149 149 39
4478 197 263 25 0
4479 48 22 53 24
4480 0 321 313
4481 204 35
4482 27 25 24 14 71
4483 119 32
4484 0 53 22 48 0
4485 287 121 22
4486 174 73 69
4487 0 14 11 82
4488 273 25 0
4489 48 46 53
4490 22 52 155
4491 17 53 280
4492 0 42
4493 252 33
4494 0 17 73 22
4495 0 25 25 27
4496 239 35
4497 144 14 119
4498 0 39 68 0
4499 171 383
4500 142
4501 0 23 9
4502 174 384 0 69 313
4503 11 48 107 22 76
4504 273 0 68
4505 71 0
4506 0 53 17 48
4507 35 53 22
4508 10 335 22 22
4509 61 52 39 48 76
4510 94
4511 0 11 21 59
4512 0 39 24
4513 11 10 10
4514 72 117 48 104
4515 11 41
4516 76 67 73 152 6
4517 0 192 9 192 71
4518 11
4519 22 10
4520 5 73 33 52
4521 10 66 16 83
4522 0 53
4523 46 22 48 76
4524 107 159 11
4525 48 42 76
4526 27 0 27 122 24
4527 68 0 307
4528 0 68 10 42 68
4529 0 58 2 46 48
4530 16 0
4531 113 137 16 66
4532 48 22 0
4533 0 76 25
4534 11 21
4535 14 10 86
4536 0 2 2 25
4537 65 10 11
4538 113 35 48
4539 63 6 39 22
4540 14
4541 0 84
4542 73 14
4543 48 58 53 11
4544 171 77
4545 61 11
4546 11 42
4547 84 9 0
4548 17 22
4549 153 17 39
4550 25 53 48
4551 14 22
4552 14 0 40
4553 11 236
4554 348 48 348 53
4555 68 68 68
4556 22 0 9
4557 0 22
4558 48 11
4559 2 53 48 2
4560 39 11
4561 40 25 0
4562 0 22 125
4563 52 52 63 53
4564 14 53 48
4565 11 4
4566 42
4567 27 165 48
4568 0 9
4569 102 0 164 164
4570 64 64 64 84 221 64
4571 171 171 171
4572 137 0 40
4573 42
4574 14 11 17
4575 27 11
4576 0 16 71
4577 19 0 57 57
4578 21 21 0
4579 140 27
4580 27 10
4581 156 27 10
4582 85 25
4583 0 41 184 0 180 22
4584 217 76 22
4585 218 0 22 23
4586 0
4587 22 60 161
4588 0
4589 11 0 25 73 17
4590 0 25
4591 224 23 42 9 40
4592 2 360 0
4593 86 48 96 11 22 14
4594 53 48 22
4595 228 67 73
4596 71 10 14 71
4597 73 0 6
4598 56 25 6 82
4599 25 0
4600 10 22 60 42 95
4601 0 24
4602 25 385 69 16
4603 171 171 171
4604 39
4605 2 0
4606 0 25 273
4607 25 30 26
4608 374 11 14
4609 11
4610 53 0 25
4611 41 0
4612 0 48
4613 27 22
4614 63 39
4615 263 0
4616 11 22
4617 152 22 11 165
4618 0 154 164 10
4619 52 126
4620 125 16
4621 0 71 1 2
4622 76 59 39 0 22
4623 145 17
4624 94 42 0
4625 2 0 64
4626 22 0 23
4627 76 0 22 46 48
4628 22 39 0 73 206
4629 287 0 22
4630 165 53 27
4631 35 113 15
4632 11 22 17
4633 41 0
4634 40 0 324
4635 10
4636 60 6 162
4637 76 39
4638 73 17
4639 260 0 69
4640 40 14 11
4641 191 11 86
4642 0 2 0 386 386 11
4643 17 53 35 48
4644 48 104 7
4645 0 68 266
4646 14 0 96 117
4647 96 14 0 101
4648 27 140 27 14 11
4649 53 244 28 48
4650 48
4651 0 10 25
4652 0 25
4653 0
4654 49 229 19
4655 0 184 41
4656 81 41 0 25
4657 14 40 181 258
4658 0 174
4659 0 41 25
4660 39 53 22 35
4661 6 0
4662 9 9
4663 0 14
4664 14 11 17 39 27
4665 14 27 63 86 65
4666 0 154
4667 0 39
4668 73 17 22 0
4669 0 39 40 42
4670 39 203 148
4671 14 0 86 65
4672 40 0 140
4673 10 0
4674 0 35 17 11
4675 14 11
4676 140 27
4677 0 19
4678 14 22
4679 0
4680 0 19
4681 378 25 0
4682 9 0
4683 0 40 2
4684 119 53 35
4685 0 25 10
4686 49 25 19 0 40
4687 16 47 259
4688 41 0
4689 53 11 48 39
4690 17 11 22 25
4691 19 19 136
4692 60
4693 11 0 11
4694 48 35 53 113
4695 39
4696 129 0 2
4697 159 5 199
4698 90 10 133 27
4699 10 122 39
4700 0 165 22
4701 0 258 121 2 2 2
4702 95 22 76
4703 0 243
4704 27 14 105 65
4705 16 71 71 0
4706 11 14
4707 68 0
4708 39
4709 0 149
4710 0 9
4711 2 6 205
4712 41 0 51
4713 32 14
4714 11 0 17
4715 64 39 17 0 10 25
4716 0 40
4717 0 10 106
4718 68 220
4719 273 16 16 143 0 68
4720 0 154 209
4721 35 113 4
4722 11 4 4
4723 27 27
4724 60
4725 9 10
4726 84 84 0 25
4727 369 131 204
4728 73 76 22
4729 39 125 9
4730 16 0 40 16
4731 20 48 20 76 28
4732 2 119
4733 11 39 10 153
4734 4 21
4735 337 13 13
4736 1 0 25
4737 48 48
4738 14 96 0
4739 344 140 76
4740 14 63 11
4741 0 67 22 24
4742 85 84 25
4743 22 61
4744 0 125
4745 34
4746 171 171 171
4747 22 48 76
4748 0 71
4749 27 48 11 53
4750 10 27 197
4751 22 76
4752 25 0
4753 10 27 38
4754 265 145 63 81
4755 0 71 71
4756 0 76 39
4757 217 6 36
4758 10 76 22
4759 42 162
4760 41 0 172 10 39
4761 14 12
4762 21 21 21 22 22
4763 11 17 10 11
4764 11
4765 100 0 273 71
4766 42 63 95
4767 117 2 63 0 53
4768 228 148 73
4769 63 71
4770 27 22
4771 0 0 22 22
4772 42 108 67 250 165
4773 61 19 11 19 19 19
4774 263 0 40 25 19
4775 0 53 59
4776 0 174
4777 11 60 32
4778 11 82 6
4779 22 10 17
4780 41 0
4781 21 21 154 28 28
4782 0 41
4783 63 27 39 35
4784 4 293 4 85
4785 59 0
4786 68 0
4787 0 39 0
4788 0 68 0 42
4789 53 48 25 11 14
4790 70 69 60 17 93
4791 48 83 66 113
4792 2 0 2 360
4793 0 19
4794 76 60 95
4795 65 10 11
4796 71 38 16
4797 22 7
4798 242 0
4799 184 2 0
4800 20 107
4801 73 21 0 11
4802 0 86 65 258
4803 73 0
4804 175 108
4805 39 11
4806 0 0 68
4807 69 0 260
4808 24 0 258 0
4809 169 27
4810 90 10 126 27
4811 67 42
4812 10 0
4813 22 76
4814 27 24 53 105 39
4815 154 16 0
4816 53 35 68
4817 0 301 301 184
4818 0 71 71
4819 223 209 28
4820 25 0 24
4821 73 134 122
4822 25 73 53 22 11
4823 6 279 94
4824 125 48
4825 35 113 0
4826 327 327 22 0
4827 35
4828 258 59 203 17
4829 340 14 22 165
4830 105 42 61 65 164 27
4831 22
4832 10 105
4833 40 25 2
4834 58 11 0
4835 71 0
4836 22 35 113
4837 109 12 174
4838 32 52 20
4839 41 0
4840 71 71 0
4841 16 16 0
4842 0 266 25 134
4843 14 73
4844 325 87 0
4845 11 39
4846 27 23 17 39 0
4847 387
4848 48 48
4849 42 63
4850 42 10 39 265 22
4851 68 113 35
4852 142 39 114 22
4853 17 73 22 0 39
4854 76
4855 14 118 14 11 14
4856 65 22 23 73
4857 0
4858 35 48
4859 0 54 54
4860 42 39 73
4861 10 60 42
4862 23 0
4863 0 25 2 84 117 360
4864 71 0
4865 6 249
4866 164 0 10
4867 331 388 388 0
4868 0
4869 27 39 10 17
4870 286 217 0
4871 113 35
4872 133 86 27 39 14
4873 69 0
4874 94 94 389
4875 0 0 69
4876 140 35 113
4877 0 25
4878 53 48 39 22
4879 22
4880 42 0
4881 25 192 22 0
4882 6 154 11
4883 73 22 17
4884 0
4885 0 197
4886 0
4887 21 0
4888 70 73 41
4889 0 71
4890 14 30
4891 27 80
4892 0 65
4893 207 48
4894 159 20 337 43 4
4895 11 0
4896 263 0 22
4897 9 27 23
4898 27 27 27 10
4899 28 53 42 48
4900 2 0 209
4901 0 71 71 117
4902 0 11 14 53 48
4903 63 39 131
4904 153 32 42
4905 27 0
4906 19 0 11 59 49
4907 86 143 14
4908 0 41 209
4909 11 2 209 0
4910 14 30
4911 60
4912 41 0 11
4913 0
4914 317 156 53
4915 11 14 59
4916 0 39
4917 48 0 22 35
4918 76
4919 0 2
4920 81 265
4921 154 0 68
4922 25 39 0 0
4923 134 189 134 20 14
4924 22 17 0
4925 22 0
4926 48 35 4 35
4927 122 73 14 22 39 23
4928 14 108
4929 11 14
4930 107 139 75
4931 14 30
4932 0 68 40
4933 388 331 0 388 25 0
4934 27 11
4935 0
4936 42 68 0 68
4937 0 25 39
4938 11 192
4939 22 10 162
4940 22 0 24
4941 0 278 23
4942 39 27
4943 21 0 11
4944 14 96
4945 53 48 22
4946 22 35 113
4947 39 11 148
4948 390 0 73
4949 11 174
4950 0 76
4951 60 9
4952 71 0
4953 80 28 28
4954 39 0 0
4955 0 2 11
4956 14 83
4957 0 258 41
4958 60 4 76 95
4959 0 76 22 10
4960 42 48 53
4961 25 22 23
4962 63 39 229 326
4963 0 101 71
4964 20 92
4965 16 318
4966 11 61 95
4967 135 202 17
4968 189 113 35 134
4969 42 22 203 246
4970 39 14 10 27 17
4971 131 5 142
4972 73 22 0 17
4973 19 59 0
4974 68
4975 65 11 23
4976 81 0 145
4977 0 27
4978 171 171 171
4979 0 25 11
4980 73 76
4981 16 258 40
4982 35 17 53
4983 12 1 182 0 1 0
4984 113 48 53 142
4985 0 71
4986 27 10
4987 123 36 41 113
4988 11 39 10 42
4989 14 96
4990 16 0 126 16
4991 16 0 16 0
4992 117 121
4993 2 273 0 2 273
4994 2 273 360 2
4995 171 171
4996 0 209 71 71
4997 10 0
4998 266 68 0 263
4999 208 113 138
5000 0 0
5001 0 131
5002 25 0 39
5003 0
5004 6 0
5005 2 0
5006 11 35 17
5007 25 0 53 19
5008 76 22 0 73
5009 67 63 244 28
5010 236 45 46 350
5011 378 122
5012 53 48 22 23 35
5013 122 181 0
5014 39 0
5015 10
5016 0 1
5017 308 14
5018 10 27
5019 240 11 27 65 86 340
5020 265 175 11
5021 22 14
5022 39
5023 331 22 11 17 48
5024 73 17 22
5025 25
5026 10 9
5027 42
5028 69 0 265
5029 0 59 14 39 11 17
5030 14 0 11 10 59
5031 11 83 66 66 66
5032 35 35 240
5033 22 0
5034 48 48 123
5035 0
5036 0 0
5037 0 41 199
5038 192
5039 166 71 284 166
5040 63 76 7
5041 39 0 22
5042 14 11 264
5043 0 53 17 22
5044 0 58 25 53
5045 0 360 168
5046 0 134 59 25 189
5047 41 17 76 22
5048 39 63
5049 11 86 86
5050 124 59 257 14 165
5051 86 10 27 14
5052 71 0
5053 9 80
5054 23 0 76 53
5055 197 14
5056 14 63 76 0 76
5057 17 11 22
5058 6 73 350
5059 89 21 21 14
5060 0 13
5061 0 2
5062 14 117 89 96
5063 234 4 338 391 6
5064 200 22 114 292
5065 27 11 10
5066 0 10 0 16
5067 0 40 2
5068 0 154
5069 28 22 48 48
5070 63 41
5071 46
5072 119 13
5073 0 10 189 89
5074 11 100 71 0 40
5075 41 0
5076 189 134 189 89
5077 96 22 14 0
5078 0 0 0 39
5079 323 0 11
5080 11 73
5081 22 7
5082 11
5083 283 131 77 142
5084 263 39 17
5085 28 13
5086 39 0 121 73
5087 0 5 73
5088 53 22 48
5089 42 153 17 76
5090 158 76
5091 0 166
5092 174 0 12
5093 53 35 23 27
5094 317 120 196 206
5095 42 64 0
5096 17 0 9
5097 60 6 152
5098 53 48 48 24 205
5099 10
5100 0 204 19
5101 165 59 0 11
5102 65
5103 12 71
5104 63 0 41
5105 70 73 22
5106 42 10 39 82 48
5107 89 24
5108 21 53 234
5109 0
5110 254 138 6 204
5111 10 39 0 25
5112 39 1 25 0
5113 39
5114 0 48 22 6
5115 154 0
5116 60
5117 0 215
5118 64 113 35
5119 0 192 14
5120 39 0
5121 0 22 321
5122 27 22 10
5123 51 70 41
5124 0 24
5125 273 25 0
5126 23 22 171
5127 0
5128 27 27 11 169
5129 171 171
5130 22 11 42 82
5131 140 242 10
5132 10 42 11 39
5133 35 4 14 14
5134 0 41
5135 222 28
5136 44 48 16
5137 22 48 206 42 39 0
5138 258 0 25 26
5139 0 215
5140 95 10
5141 16 0 16
5142 96 0 14
5143 28 11
5144 0
5145 42 11 39 76
5146 53 80 124 211 207
5147 143 41 63
5148 0
5149 77 249
5150 4 76 11 82
5151 42 0 64 2
5152 14 16 0 255 16
5153 76 105
5154 142
5155 10 17 90 24 23
5156 0 39 164 69 16
5157 0 273
5158 14 39
5159 100 0 71 0
5160 0
5161 209 41 53 0
5162 0 41
5163 39 80 392 6
5164 0
5165 267 200
5166 73 39
5167 101 393
5168 39
5169 17 142
5170 17 301 11
5171 209 0 53 41 11
5172 71 71 0 197
5173 7 142 255
5174 11 41 256
5175 0 71 14
5176 0 184 41
5177 40 25 2
5178 364 255 24
5179 22 23 6
5180 0 124 14
5181 96 14 211 11
5182 76 0 12 134 12
5183 39 0
5184 43 5 0 68
5185 69 265 81 0
5186 39 165
5187 71 71 0
5188 73 42
5189 19 0 57
5190 6 95
5191 0 95 118
5192 76 11
5193 71 101 14
5194 23 39
5195 39
5196 27 22 67
5197 0 60
5198 53 22 27 4 4
5199 0
5200 267 142
5201 26 209 25
5202 171 171 171
5203 22 22
5204 25 0 40
5205 9 7
5206 24 48 0 76
5207 11 14 0 59
5208 171 171
5209 359
5210 27 148 326
5211 0 0 6 0
5212 10 39 25 0 192
5213 53 17 317
5214 27 11 14
5215 76
5216 28 0
5217 0 19 49 192
5218 162 39
5219 25 90
5220 228 228 73
5221 0 151
5222 0 13
5223 0 19
5224 301 0
5225 27 11 24
5226 25 84 84 14 0
5227 0 39 0 39
5228 274 274 42 0
5229 27 10 65
5230 171 171 71
5231 385 0 71 71 0 17
5232 14
5233 39
5234 53
5235 38 0 25
5236 21 89 11
5237 117 258 0
5238 0 16
5239 25 40 41 54
5240 25 22 0 39
5241 12 86 22
5242 10 68 0
5243 14 53
5244 224 14 39 10
5245 126 48 76
5246 23 22 6
5247 0 9 9
5248 76 152
5249 23 17 22
5250 22 22 165
5251 0 25 156
5252 39 0 137 153
5253 14
5254 0 43
5255 263 0 0
5256 78 77
5257 86 14
5258 71 53 48
5259 71 71 209 0
5260 0 48 10
5261 0 161 0 39
5262 10 161 230 73
5263 0 17 39 22 40
5264 14 42 10
5265 71 42 71
5266 154 0
5267 0 69 145
5268 2 0 40
5269 0 11 10 39
5270 265 0 81
5271 14 22 27
5272 21
5273 217 22 0
5274 0 2 39
5275 14
5276 42
5277 0 0 0 323 4
5278 22 76 73
5279 5 159 113 35
5280 160 63 13 160
5281 14 11
5282 0 0 40 0
5283 39 73
5284 63 39
5285 0
5286 11 65 24 53
5287 0 9 161 0 39
5288 71 0 25 64 71
5289 39 11 14 10
5290 113 53 48 35
5291 6 73 67 228
5292 22 48
5293 19 49
5294 17 0 39
5295 22 76
5296 25 39
5297 17 0 41
5298 60
5299 11 66 113
5300 27 165 27
5301 0 14 11 189
5302 11 73 41 17
5303 48 10 76 42
5304 41 11 0
5305 105 27 10 27
5306 27
5307 8 121 142
5308 27 140
5309 22 0 0 2
5310 97
5311 76 73 52
5312 42 10 140
5313 153 17 27 11 10
5314 0 117 117
5315 0 101 59 206
5316 136 25 263
5317 10 41 0
5318 11 60
5319 0 71 71 0 39
5320 169 140 140 133 27
5321 46
5322 24 0
5323 13 16
5324 25 0 40
5325 4 4 95 11 76
5326 27 0 39
5327 25 0
5328 0 0 0
5329 136 10
5330 71 255 0 71
5331 73 76 15 15 122 39
5332 39 10 27 14
5333 394 29 110 154
5334 48 0 2 0
5335 39 0 22 23 25
5336 48 22 35
5337 10 27 27 140
5338 0 69
5339 0 10 71 25 291 56
5340 0 71 40
5341 364 22 188 364
5342 0 364
5343 25 11 165 22 126
5344 35 35
5345 142 53
5346 0 11 17 22
5347 11 60
5348 142 5
5349 14 0
5350 35 53 30 14
5351 65 0
5352 153 17 73
5353 0
5354 39
5355 100 71 0 39
5356 27 22 76
5357 255 174 12 12
5358 26 25 0 25
5359 41 25 0
5360 0 59
5361 14 73
5362 27 27 76 10
5363 0
5364 22 14 122
5365 53 48 2 17 35
5366 134 69 16
5367 27 24 27 6
5368 71 0
5369 27 24 133 10 27 122
5370 0 125
5371 14 0
5372 22 53
5373 10 65 105
5374 149 10 164 149 0 149
5375 0 23 105 10 28
5376 59 0 2 40
5377 153 192
5378 122 39 20
5379 106 161 0 41
5380 39 0 17 153
5381 14
5382 0 2
5383 138 53 206 28 5 43
5384 0 65 71 164
5385 11 17
5386 0 100 0
5387 10 11
5388 0 22 73 165
5389 42 0 10
5390 6 12 48
5391 153 53
5392 249 32
5393 206 0 263 0 17
5394 39 11 53
5395 0
5396 11 14
5397 25 10 0
5398 73 14
5399 10 22 65 76
5400 159 107 75
5401 22 17
5402 0 65 1
5403 16 12 68
5404 60 0 25 0
5405 24 22 0
5406 22 142
5407 39 2 0
5408 60
5409 14
5410 302 236
5411 53 48 120 165
5412 39 353
5413 16 16 11 161 0 69
5414 301 0
5415 76 22 39 11
5416 42 73
5417 32 76
5418 11 0
5419 48 48 6 23 22
5420 171 121
5421 117 11 14 48 53
5422 42
5423 71 71 10
5424 42 10 164 169
5425 27 22 6 23
5426 14 11 96
5427 27 10
5428 63 10
5429 39 0 71 24
5430 39 114 148 142
5431 0 73
5432 17 35 53
5433 48 46
5434 27 27
5435 16 16 0
5436 76 63
5437 22 11
5438 156 17 53
5439 142 10 39
5440 73 11
5441 0 68 25 263 68
5442 25 84 84 48 48
5443 0 25
5444 14 11
5445 146 139
5446 48 48 46
5447 27 0 53 11
5448 23 22 48 76
5449 69 0 12
5450 12 11 59 10 199
5451 244 28
5452 301 125 76
5453 39 73
5454 0 0 0 39
5455 23
5456 283
5457 0 291 16 69
5458 71 0 71 10
5459 14
5460 46
5461 125 9
5462 14 27 140
5463 10 11 83
5464 54 25 23 54 24
5465 59 17
5466 0 40 41
5467 24 273 68
5468 73 350 0
5469 60 95 42
5470 48 64 53 48
5471 17 11
5472 133 10 11 27 27
5473 27 73 4
5474 53 0 76 113 22
5475 71 255 67 100 0
5476 28 244
5477 0 11 82
5478 63 39
5479 139 43
5480 32 240 76
5481 205 35 113
5482 0 9 11
5483 95 10
5484 23 22 39
5485 27 11 23
5486 9 83 23
5487 0 42 265
5488 223
5489 125 22 35
5490 11 22
5491 59 0
5492 0 100 2
5493 0 0
5494 11 22
5495 217 0 22 7
5496 14 22
5497 48 204 53 22 35
5498 1 0 19 49
5499 0 19
5500 1 0 41
5501 0 69
5502 124 257 14 59
5503 22 60
5504 14 0 22
5505 25 26 0
5506 4 8 3
5507 23 53 35
5508 312 107 6
5509 255 10
5510 235 78 28 28
5511 22 42
5512 14 14
5513 4 11 76 63
5514 11 53 48
5515 39 23 22
5516 14
5517 11 39
5518 285 22
5519 71 71 0 71
5520 117 0 71 71 71 71
5521 11 14 36
5522 0 22 53 11
5523 53 0 35
5524 14 27
5525 22 48 53 94
5526 11 60 39
5527 11 25 82
5528 48 53 11 23 17 86
5529 10 27 23
5530 186 67 95
5531 48 46
5532 12 0
5533 2 22 25 0
5534 27 0 6 11
5535 10 14
5536 155 165 17
5537 140 27 0
5538 221 0 219 64 219
5539 53 35 48 113
5540 0 265 81
5541 96 35 48 53
5542 19 53 0 11
5543 41 0 0
5544 39
5545 0 0 69
5546 0 177
5547 171 171 171
5548 42 70 22 43 61
5549 11 42 10 39
5550 14 95 255 96
5551 27 169 10 140
5552 0 16
5553 0
5554 22 0 11 17 73
5555 35
5556 76 23 22
5557 0 86 0 25
5558 0 64 207 73
5559 25 0 64 243
5560 0 39 63 25
5561 11 21
5562 42 136 63
5563 0 24 53 59
5564 0
5565 17 35 53 21
5566 53 48 35
5567 39 161 73
5568 13 63
5569 39 125
5570 17 11 14
5571 40 41 0
5572 25 26 0
5573 0 64
5574 14
5575 65 10 105 14 65
5576 59 2 2
5577 165
5578 0
5579 0 76 76 32
5580 52 60 52
5581 0 63 14 96
5582 9 0 0
5583 10 27
5584 258 0 258
5585 42 0
5586 48 67 52 23
5587 12 0 19 4
5588 65 37 164 6
5589 39 25 0
5590 48 213 48
5591 14
5592 85 52
5593 35 113
5594 113
5595 11 39 258
5596 283 142
5597 28 41
5598 11 10 73
5599 22 159 107
5600 39
5601 11 48 46 4
5602 0 192 14
5603 22 153 0 25 39
5604 76 175 39
5605 0 41
5606 27 10 27
5607 106 106
5608 11 46 14
5609 0
5610 177 0 22
5611 22 0 197
5612 22 39 11
5613 11 10 14
5614 0 46 60
5615 22 60
5616 10 25 0
5617 35 53
5618 27 11 27
5619 0 76
5620 11 0
5621 0 2 25
5622 105 0 10 65
5623 0 11
5624 0 5 25
5625 9
5626 22 121 73
5627 64 0
5628 142 210
5629 10 16
5630 85
5631 39 10
5632 122 0 39 22
5633 59 22 0 161
5634 1 0 23
5635 83 63 60
5636 10 0
5637 171 238
5638 22 76 0
5639 60
5640 35 48 22
5641 0 209 25 2
5642 21 21 11
5643 164 0 0
5644 0 154
5645 59 14 0 19 265
5646 10
5647 156 53 17
5648 5 218 8
5649 63 11
5650 2 117 0
5651 39
5652 83 66
5653 39 73 10 22
5654 27 39 22
5655 0 11 22
5656 73 154 16 16 17
5657 35 23 9
5658 14
5659 109 127 16 12
5660 25 0 10 39
5661 16 16 17 0
5662 28 28 28
5663 63
5664 52 246
5665 1 0 2 2
5666 11 19 59 22
5667 125 39 10 0 22
5668 42 46 40 48
5669 10 39 285 48
5670 96 0 14
5671 21 11 21
5672 95 42
5673 263 0 24 40
5674 89
5675 0
5676 77 5 43
5677 20 14
5678 25 22 0
5679 23 39 64
5680 89 189
5681 39 53 11 22
5682 22 0 59 48
5683 5 131 324 264
5684 48 2
5685 22 17
5686 22 82 248 63
5687 0 2
5688 33 364 110 5 131
5689 60
5690 1 41
5691 0 41
5692 0 115
5693 0
5694 142
5695 22 39
5696 306 11 95 82
5697 26 25 30 0 181
5698 197 76 73 0
5699 169 114 65 126 164
5700 53 35 39 76 22
5701 0 96 258 14
5702 11 306 6
5703 54 14
5704 191 102 0
5705 171 171 171
5706 71 71 0
5707 0 0 131 6
5708 300 23 6
5709 22 48 53
5710 22 66 21
5711 19 0 1
5712 86 0
5713 118 264 142
5714 28 0
5715 11 391 22 22
5716 0 41
5717 0 25 1
5718 53 22 35 14 0
5719 82 22 22
5720 113 76 35 121
5721 9 0 0 192
5722 113 35
5723 4 11 95
5724 96 14 63
5725 11 14 39
5726 14 63
5727 25 0 0 10 39
5728 39 10
5729 41 0
5730 0 16
5731 110 154 11 17 6
5732 0
5733 11 14 165
5734 76
5735 25 11
5736 22 35 53
5737 0 1 19
5738 39 42 76
5739 17
5740 14 24 21 87 159 99
5741 11 10 27
5742 71 0 71
5743 0 19 48
5744 0 41
5745 164 164
5746 76 0 39 25
5747 71 0
5748 22 9
5749 75 73 76
5750 63 86 191
5751 76 60 95
5752 17 22 9 191
5753 38 0 2
5754 22 19 19 0 192
5755 45 23 46
5756 2 22 0 2
5757 35
5758 11 22
5759 48 35 53 22
5760 27 133 10 197
5761 126 16 16
5762 0
5763 395 207
5764 9 48 23
5765 4 258
5766 0 39 14
5767 71 71 71 0 40 277
5768 0 260
5769 136 42 22
5770 217 5 188 21 53
5771 16 69
5772 331 23 22
5773 41 0
5774 14 0 96
5775 22 60 10 39
5776 59 102 25 0
5777 312 200 11
5778 0 166 0
5779 76 23
5780 25 56 26 0
5781 9 39 0
5782 22 48 35 48
5783 25 25 26 0 11
5784 156 86 22 14
5785 0 25
5786 286 156 317 156
5787 27 0 22
5788 110
5789 26 25 0
5790 81 300 145 0
5791 39 25 76
5792 0
5793 11 2 0 24
5794 22 0 25
5795 101 12
5796 0 2
5797 63 39
5798 41 0
5799 41 1 0
5800 22 24 7 255
5801 17 263 70
5802 22 76 14
5803 24 0 11
5804 53 41
5805 181 71 0 71
5806 0 154 243
5807 0 68
5808 267 312 312 251
5809 0 39 10 22 25
5810 14 39 96
5811 27 11 0
5812 164 0 134 69
5813 30 28
5814 11 0 117 38 2
5815 48 41 53
5816 64 80
5817 104 48 48
5818 17
5819 40 41 0
5820 161 40 0 101 25
5821 14 11
5822 396 148 66 397 53 194 391 344
5823 0 27
5824 68 68 0
5825 0 2
5826 64 162 64 22 0
5827 35 53 48 25
5828 0 25 86
5829 0 25
5830 51 51 41 1 0
5831 22 48 10 14 39 27
5832 0 71 40
5833 11 73
5834 35 113 32 35
5835 39 14
5836 0 2
5837 39 27 0
5838 0 0 2 2
5839 265 0
5840 71 0
5841 0 9
5842 51 1 41 0
5843 27 10 14 73
5844 0 53
5845 140 201 27
5846 236 122 73
5847 1 0
5848 11 153
5849 209 0
5850 0 2
5851 63 73 27
5852 243 65 10 27 10
5853 102 0
5854 22 263
5855 113 39
5856 0 2 177
5857 0 14
5858 39 16
5859 27 10
5860 145 6 81
5861 11 22
5862 0 81 265
5863 41 63
5864 73 263 86 17
5865 95 42 17 22
5866 82 11 114
5867 16 13
5868 28
5869 19 53
5870 335 14
5871 41
5872 25 39
5873 27 169 27
5874 0 39 25 11 10
5875 46 48 11 10
5876 0 96 14
5877 0 6
5878 9 214 23 71
5879 42 263 243
5880 0
5881 0 41 258
5882 68 0 265
5883 0 23 164 73
5884 10
5885 171 171 171
5886 119 53 48
5887 23 11 110
5888 113 48 35 48
5889 0 23
5890 0 41 16
5891 0 11
5892 41 0
5893 0 2 242
5894 125 0
5895 71 22 24
5896 11 27 17 22 0 73
5897 71 25 71 0
5898 27 10 23
5899 110 22 22 113
5900 2 2 25
5901 39 11
5902 35 113
5903 197 14 73 11 39
5904 86 191 22
5905 14 11 11
5906 340 10 39
5907 53 17 11 0
5908 39 25 22 10 258
5909 16 0
5910 273 41
5911 0 17
5912 0 90
5913 35 53 48
5914 39 255 14
5915 0
5916 4 0
5917 10 0
5918 159 11
5919 42 203 123
5920 0 16 13
5921 131 5 142
5922 16 106 90 69
5923 53 22 11 17 14
5924 11 275 275
5925 57 0
5926 59 0
5927 0 48 46
5928 0 153 39 25 102 17
5929 64
5930 39
5931 17 97
5932 11 25 43 59 0
5933 41 73 70
5934 0 0
5935 35 22 35
5936 46 23 22
5937 0 12 68
5938 73 14
5939 398 0 25 39 172
5940 27 140 11 14
5941 53 39
5942 14 11 30
5943 165 11 25 124 22
5944 14
5945 127 283 11
5946 0 14
5947 100 0 0 71
5948 12 175
5949 39 9 22
5950 71 0 10 39
5951 0 25
5952 53 10 11
5953 265 0 10 274
5954 0 9
5955 14 1 0 207 22
5956 21 48 53
5957 0 53
5958 273 0
5959 11 27
5960 288 82 30 28
5961 14 118
5962 11 301
5963 10 22 53 27
5964 84 84 2 0
5965 255 53 48 24
5966 76 112 11
5967 13 16 59
5968 63 20 20 159 52
5969 53 35 48 205
5970 76 0
5971 64 63 161
5972 19
5973 11 0
5974 14 156
5975 39 21 0 21
5976 0 22 39 22
5977 22 0 265
5978 101 101 12 241
5979 12 174
5980 27 22 169 76
5981 123 274 113 35
5982 0 16
5983 9 23 9
5984 161 0 9 2
5985 22 76
5986 25 56 26
5987 16 11 41 0
5988 221 86 0
5989 95 53 48
5990 0
5991 39 164 10
5992 39 22
5993 42 95 60 14
5994 35 48 119
5995 96 14 95
5996 39 0
5997 0 41
5998 22 27 14
5999 14 53 48
6000 53 35 48 22 24
6001 0
6002 22 76
6003 171 8 238 3
6004 0 63 11 14
6005 0 59 11 88 321 49
6006 343
6007 69 12 375 11 42
6008 194 104 52 108
6009 0
6010 0 25
6011 197 0 59
6012 0 0 22 17 153
6013 10 65 197
6014 28 0 17
6015 113 36 35
6016 22 0
6017 83
6018 11 83 121 66 66
6019 162 10 11
6020 27 17 27
6021 22
6022 48 22
6023 39
6024 48 22
6025 40 0 154
6026 1 14 0 89
6027 35 171
6028 237 82
6029 48 53 48 35
6030 22 265
6031 48 131 82 11 96
6032 136 53 28 244
6033 0 41
6034 22 0 25
6035 0 11
6036 24 0
6037 25 84 85 54 26 55
6038 39 122
6039 39 42 0
6040 171 364
6041 27 10 140
6042 14 11
6043 0 39 14 11 96 73
6044 73 0 350
6045 28 222 223 368 244
6046 164 53
6047 0 84 25 84
6048 35 22 125
6049 43 35 113
6050 73 69 64 266
6051 184 39 0
6052 171 171
6053 254 399 6
6054 265 0 81
6055 11
6056 74 10
6057 171 171 171 171
6058 19 46 0 22 48
6059 11 6
6060 22 11
6061 11 82 27 10
6062 96 53 48 14
6063 10 27 11
6064 187 22 0
6065 27 11 169 27 10
6066 0 71 71 71 76
6067 11 22
6068 64 71 0 64
6069 16 13
6070 0 154
6071 71 0
6072 53 48 71
6073 71 0 40 71
6074 42 0 4
6075 23 39 9
6076 68 68 0
6077 131 5 28 3
6078 4 39 0 4
6079 11
6080 171 36
6081 41 0
6082 22 90
6083 0 69
6084 27 204 63
6085 27 10
6086 11 10 39 0
6087 14 11
6088 181 37 0 122 122
6089 0 25
6090 25 11 19 0
6091 42 10 71 71 39 40
6092 59 19 0
6093 39 0
6094 42 53 48 23
6095 125 24 0 64
6096 48 35 94 119
6097 35 35
6098 209 41 0 0
6099 17 35 53 151
6100 17 153 96 14 61
6101 39 63 80
6102 14
6103 22 10 4 0
6104 9
6105 73 122
6106 27 0
6107 0
6108 27 0
6109 52 12 206
6110 42 10 39 11
6111 41 40 0
6112 61 102 12 73
6113 76 39 48 22
6114 107 43 159 20 107
6115 22 48 48
6116 73 11 0 40
6117 48 89 14 76
6118 53 48 25 2
6119 14 96 73 339
6120 0 153
6121 0 250
6122 0 41
6123 39 95
6124 0 25 258 122
6125 53 30 25
6126 11 30 14
6127 0
6128 0 258 64 25
6129 25 11 165
6130 73 40 0 14
6131 39 11
6132 63 25 258 184
6133 21 0
6134 53 35
6135 22 22 6
6136 0
6137 14 11
6138 0 0
6139 68 68 39 148 39
6140 64 25 0
6141 22 142
6142 11 17 69
6143 22 22 67
6144 10 0 42 20 39
6145 14 43 35
6146 21 11 0
6147 59 11 0 24 89 199
6148 10 11
6149 22 0
6150 22 76
6151 0 25 181
6152 23 48 35 53
6153 1 0 2
6154 117 14 0 40
6155 11 121 76
6156 22 207 76 2
6157 11
6158 27 64 0
6159 0
6160 76 329
6161 0 17
6162 17 61 32
6163 63 42
6164 11 19 257
6165 14 11
6166 22 25 22 0
6167 0 25
6168 11 41
6169 9 0
6170 35 8
6171 42 0 0
6172 11
6173 63 39
6174 71 0
6175 0 25
6176 48 53 35
6177 40 10 0
6178 52 22 48 70
6179 153 17 0 53
6180 301 301
6181 95 22 60
6182 14 118
6183 27 24 164 10
6184 48 17 367
6185 0 17
6186 171 171 171
6187 42 136 0
6188 0 10 40
6189 71 0
6190 14 11 96 164
6191 0 25 209
6192 378 378 122
6193 121 12 12 0 22
6194 0 274
6195 2 0 67
6196 53 35 48
6197 101 362
6198 0 184 41
6199 22 90 76 0
6200 48 76 22
6201 27
6202 0
6203 0 10 27
6204 3
6205 14 95
6206 35 23 48 53 22 48
6207 0 22 73 17
6208 0 2 64 95
6209 10 27
6210 38 0 19
6211 265 81 42
6212 39 0
6213 0 69
6214 71 42
6215 22
6216 53 1 191 86
6217 0 260 76
6218 11 153
6219 223 235 28 42
6220 63
6221 25 84 24 56 25
6222 154 0
6223 209 57 19 0 209
6224 46 23
6225 0 41
6226 128 22 24
6227 0 209 320 25
6228 27 22 27
6229 53 9
6230 161 60 0
6231 0 70
6232 0 71 21
6233 14 0
6234 42 0
6235 10 11
6236 267
6237 10 22 14
6238 75 81 73
6239 121 39
6240 27 42 39 10 40 140
6241 88 92
6242 299 5
6243 0 17 291 134
6244 3
6245 27 11 22
6246 27 10 39 24 42
6247 83 17 11
6248 118 0 324
6249 273 25 0
6250 0 25 25
6251 27
6252 84 0 9 23 84
6253 10 22 11
6254 11 95 42 17
6255 0 27
6256 14 14 30
6257 0 265
6258 48 0
6259 60 0
6260 0 22
6261 82 27 10 11
6262 223 186
6263 7 22 80
6264 25 90
6265 378 122 335 11
6266 9
6267 0 71
6268 0 16
6269 0 164 105
6270 17 73
6271 60 42
6272 35 43 113
6273 0 39
6274 317 116 124
6275 27 122 27 0 73
6276 301 0
6277 14 22 14
6278 14 53
6279 105 39 164 65
6280 9 202
6281 24 42 255 61
6282 11 11
6283 0 25
6284 22 11 121 0
6285 76 48 39
6286 171 171 171
6287 39 53 22 23
6288 10 27 67
6289 0 71 297 39
6290 10 65
6291 0 14
6292 68 386
6293 0 41
6294 0 79 177 100 0
6295 42 53 48
6296 61 42 17 153 212 76
6297 0 39 95 172
6298 0 177
6299 11 400 63 121
6300 0
6301 133 27 10 27
6302 35 272 123
6303 192 0 41 25 51 25
6304 22 76
6305 0 11 4
6306 39 258 25 0 150
6307 27 24 23
6308 101 203
6309 16 35 48 359 48
6310 0 25 25
6311 113 22 35
6312 0 263 114 39
6313 0 117 151
6314 86 11
6315 22 60 121
6316 160 29 28 28 28 0
6317 48
6318 288 81 401
6319 27 165
6320 390 0 4
6321 26 25 10 0
6322 48 123
6323 39
6324 0 22
6325 27
6326 39 0 71 71
6327 71 39 42 65 60 10
6328 22 87 39 132
6329 39 22 73
6330 69 17 0
6331 39 22 23
6332 53 35 48 48 255 24
6333 0 154
6334 109 34 80 12 286 393
6335 11 14 39 105 10
6336 0 11
6337 14 48 32
6338 56 166 25 182
6339 17 0
6340 0 0 53
6341 53 35 48 48
6342 208 35
6343 0 25
6344 42 0
6345 207 86
6346 10 0 27 243
6347 53 22 16 86
6348 25 0 39
6349 66
6350 84 84 25 0 68
6351 244 28 63
6352 101 12 348 101
6353 71 0 39 0 100 166
6354 52 70
6355 10 11 82 23
6356 71 71 1
6357 63 25 22 39 0 6
6358 273 2 121 0 2
6359 242 165 27
6360 257 9
6361 8 6 3
6362 42
6363 39
6364 63 52 52
6365 35 48 53 22
6366 3 116 317
6367 0 10
6368 6 25 11 26
6369 133 15 39 76 73
6370 166 101 0 71
6371 114 191 65 164
6372 10
6373 71 22 119 24 387
6374 14 42 10
6375 25 39 0
6376 10 25
6377 22 23 82
6378 0 24 65
6379 124 59 14
6380 53 48 22 274
6381 171 171 171
6382 154 0
6383 11 105
6384 25 0
6385 10 11 27
6386 22 250 23 9
6387 42 76 48
6388 0 11 161 73
6389 71 53 71 48
6390 22
6391 0 10 105 65
6392 10
6393 22 53 39 22
6394 48 35
6395 4 94
6396 19 14 0 11 22 59
6397 86 0 14
6398 17 48 53 27 133
6399 171 171 171
6400 22 0 23
6401 162 14 11
6402 0 25 0
6403 24
6404 76 52
6405 301 301 73
6406 11 11
6407 6 14 107 155 17
6408 89 14 0
6409 0 41
6410 0 100
6411 6
6412 110 159 99 36
6413 19 22 49
6414 0
6415 0 25
6416 76 140 22 63 113 35
6417 14 0 89
6418 95 22 176
6419 64
6420 70
6421 0 11 6
6422 0 24
6423 226 245 43 329 339 290 139
6424 22 391 63 6
6425 9 39
6426 27
6427 2 121 53 2 48 48
6428 0 95 73 0
6429 10 9 96 14
6430 315 0 25
6431 22 48 76 113
6432 71 0 71
6433 81 0 265
6434 27
6435 0
6436 39 22
6437 0
6438 184 0 25 184 149 321
6439 0 156
6440 0 11
6441 60
6442 14 39
6443 153 17 10 0
6444 102 0 41
6445 96 14
6446 0 16 17 68
6447 28 0 29
6448 65 11 22
6449 71 0 71
6450 256 0 41 6 17
6451 41 0
6452 42 0
6453 0 81 71 291
6454 2 0
6455 22 75
6456 188 7
6457 25 11 39 298
6458 0 41 1
6459 263 0 39
6460 16 0
6461 68 68 28
6462 255 131
6463 63 0 39
6464 11 60 10 39
6465 65 0 11
6466 63 0 22
6467 11 122 27 65
6468 11 10 23 22
6469 0 59
6470 274 0 265 81
6471 71 71 0 71
6472 21 192
6473 14 118
6474 11 95
6475 24 0
6476 64 0
6477 148 147
6478 3
6479 0 14
6480 35 27 53 53
6481 22 0 73
6482 48 95 76 0
6483 89 11 0
6484 0 16 6
6485 11 14
6486 10 39 0 25 38
6487 63 22
6488 96 89 117 41
6489 153 137 0
6490 171 171
6491 59 0
6492 0 273 25
6493 71 71 0
6494 0 25
6495 0 0 73
6496 11 10 32 32
6497 0 2
6498 0 25 209
6499 11
6500 0 40 2 17 73 22
6501 11 0
6502 0 0
6503 22
6504 22 14
6505 71 215 200
6506 22
6507 117 14 0
6508 70 73 39
6509 0 71 71 255
6510 48 22
6511 175 41
6512 19 49 59 0
6513 76 27 14 42
6514 0
6515 299 6
6516 0 54
6517 63 39 27
6518 0
6519 68 59 0
6520 42 39 60
6521 25 0 22
6522 71 123 35
6523 74 63 0
6524 71 76 70 48
6525 27 27
6526 22
6527 249 77
6528 53 35 48 48
6529 39 22
6530 0 96 10 14
6531 94 285 361
6532 113 35 43 255
6533 10 11 65
6534 39 60
6535 0 42
6536 14 24 0
6537 209 2 2 2 209
6538 241 35 113
6539 128 263 318 0 22
6540 283 86
6541 27 27
6542 27 22
6543 0 16 71 71
6544 53 48 260
6545 96 14 0
6546 53 48 22 24
6547 35 48
6548 21 21 21 0
6549 316 0
6550 164 255 27
6551 0
6552 11 22
6553 16 22
6554 122 0 378
6555 53 35 17 23
6556 42 39 11 10
6557 142
6558 14 285 275
6559 0 0 71 100 166
6560 39 10
6561 125 0 125
6562 22 21 11 21
6563 16 16 8
6564 14 96 22
6565 64 64 10 76 121
6566 139 116 14
6567 11
6568 69 11 0 17
6569 27 10
6570 208 113 35 53
6571 63 95 42
6572 22 370
6573 302 236 44 6
6574 54 54 0 243
6575 39
6576 373
6577 14 0
6578 11 165
6579 0 1 16
6580 312 35
6581 0 51 41
6582 11 22 126 126
6583 113 22 35
6584 0 41
6585 133 27 10
6586 0 0 0 25 71
6587 27 11 82 10
6588 5 28 43 21 0
6589 48 46 0
6590 17 63 153 229
6591 39
6592 22 114 142
6593 148 159 22
6594 0 118 76
6595 46 48 22
6596 112 7
6597 402 4 80 139
6598 25 0 26 40
6599 0 25
6600 14 22
6601 14
6602 27 10 24 0
6603 14 52 14 53 36
6604 10 22 27
6605 27 10 76 22
6606 57 11 0 25
6607 142
6608 84 0 25 84
6609 14
6610 0 122 86
6611 76 209 68 68
6612 171 171 171
6613 19
6614 0 243 23
6615 27 11 22
6616 68 0
6617 22 13 13
6618 68 80 171 171 171
6619 368 223 354 14 119
6620 42 11 17 22
6621 0 22 63
6622 6 10
6623 0 23 22
6624 59 175
6625 0 9
6626 128 59 0
6627 39 22
6628 14 22 48 76
6629 243 0
6630 22 17 11
6631 0 219 67 265
6632 11 22 6
6633 14 14 70
6634 11 0
6635 2 0 209
6636 11 82 22
6637 51 51 0 41
6638 0 25
6639 61 42
6640 65 14
6641 161 48 46 0
6642 96 14
6643 53 274 274
6644 122 22
6645 110 73
6646 48 48 104
6647 39 177 53 94 10
6648 25 0 22
6649 25 126 25
6650 10 0 40 25
6651 22 24 11 59
6652 53 142
6653 100 0
6654 19 0 81
6655 171 204 142 22 362
6656 11 17
6657 22 11 14
6658 39 11 161 73 106
6659 35 390
6660 156 53 17
6661 0 6
6662 75 52
6663 53 39 70
6664 200 187
6665 14 11 6
6666 0 41
6667 57 0
6668 53 17 22 35 23
6669 0 73 64
6670 22 60
6671 53 48 48 24
6672 0 25 41
6673 25 26 258 0
6674 2 0 2
6675 27 0 14
6676 10
6677 42 64 39
6678 0 22 100 25
6679 41 0
6680 42 1 0
6681 73 17 22
6682 64 0 27 27 25 118
6683 258 41 0
6684 0 19
6685 0 324 118
6686 35 113
6687 25 0 266
6688 175
6689 10 27
6690 40 0
6691 71 39 0 10 71
6692 40 0 14
6693 39 9
6694 0 2
6695 141 257 124 19 87
6696 0
6697 5
6698 28 13
6699 14 107
6700 0 71 71
6701 25 0 143
6702 35
6703 11 41 0
6704 148 39 32 63
6705 171 171 171
6706 11 21 82
6707 0 0 0
6708 73 24 11 0 17
6709 48 22 43
6710 244 117 28 63 117
6711 11 17 73 0 2 312
6712 76 27
6713 209 2 39 0
6714 10 164
6715 14
6716 48 53 113
6717 11 10 22
6718 0 64
6719 0
6720 27 10
6721 14 86
6722 0 100 23 6
6723 0 40
6724 0 71 100 258
6725 71 71 0 39
6726 0 321 19
6727 0 53 25 17
6728 171 171
6729 48 113 35 140
6730 377 54 22
6731 118 14
6732 22 0
6733 27 39 22
6734 19 14
6735 6 218 131 0
6736 189 22 63 134
6737 90
6738 142
6739 27 169 11 165
6740 286 317
6741 53 48
6742 22 200
6743 27 10 0 24 24
6744 6 0 17
6745 42 22 152
6746 11 14 117 117
6747 71 42 90 71 42
6748 46 22
6749 53 139
6750 129 41 0
6751 0 14
6752 242 76 140
6753 14 124
6754 76 6 4
6755 39
6756 96 39 14 76
6757 23 22
6758 9 0
6759 77 36 188 131 5
6760 60 76
6761 266 0 25
6762 19 0
6763 14 27 27
6764 0 53
6765 188 77 7
6766 76 67 62 42 0
6767 49 0 19
6768 23 22
6769 6 22 207 77
6770 35 22 39 53 42
6771 48 39 73 95
6772 22 6
6773 171 171 171
6774 81 52
6775 27 10 14 11
6776 19 19
6777 48
6778 14
6779 281 6 48 22
6780 187 14
6781 12 12 0
6782 39 0
6783 0 17 243
6784 48 35 53 22 76
6785 27 11 22 11
6786 364 283 79
6787 39 0 263 42 154
6788 14 23 250 39
6789 19 0 321 24
6790 209 39 64 10
6791 14 20
6792 27 0 22
6793 274 42 53 274
6794 17 11 39 0
6795 67 73 134 12 12 292
6796 63 60
6797 11 10
6798 171 171 171
6799 0 2
6800 17 63
6801 25 0 39 10
6802 154 0
6803 35 48 113 205
6804 99 21
6805 131 142
6806 11 81
6807 27
6808 172 0 71
6809 39 23 73
6810 301 281
6811 0 69
6812 48 45
6813 48 32 350 22
6814 68 25 0 265 69
6815 10 63
6816 41 0
6817 39 40 161 150 0
6818 101 0
6819 39 0
6820 0 25 0 56 56
6821 10 42 76 11 39
6822 0 0
6823 53 14
6824 14 60 153
6825 71 0 117 71 71
6826 73 41 11
6827 42 76 299 286 22 170
6828 0 17
6829 25 0
6830 0 71 71
6831 7 39
6832 113 42 341
6833 39 10 0
6834 2 0
6835 4 0 9
6836 41 0
6837 67 63 76 95
6838 59 263
6839 0 84 137
6840 21 11 82
6841 24 27 27 0
6842 30 30 211
6843 17
6844 68 42 1 0
6845 107 52 207 159 75
6846 1 39 263 0
6847 265 0 25
6848 42 62 22
6849 53 0 6
6850 48 22 95
6851 48 41 48
6852 59 11 0
6853 86 14 0
6854 0 41 256 36
6855 24 76 95
6856 26 25 258 0
6857 64 0 11 6
6858 159 20 155 381 107 159
6859 27 17
6860 39 0
6861 184 0 25
6862 100 2 14 0
6863 22 22
6864 22 164 164 169 10
6865 0 2
6866 0
6867 25 0
6868 14 22 11
6869 39 114 142
6870 60 60
6871 24 125 64 0
6872 41 11
6873 0 51 41
6874 39 0 23 73
6875 0 19 25
6876 0 24 153
6877 60
6878 25 0 100 166
6879 6
6880 75 61 76 73
6881 0 313
6882 360 2
6883 68 68 68 0 68 68
6884 59 22 53
6885 258 76 95
6886 39 9
6887 22 73
6888 27 58
6889 42 82 48 39
6890 22 96 11 14
6891 0 192 2
6892 99 14 159
6893 57 0 19
6894 10 27
6895 23 35 25 113
6896 0 64 6 1
6897 165 27 48 10 61
6898 337 75
6899 107 108 6 381
6900 95 76 229 42
6901 142 5
6902 10 65
6903 28 244 63
6904 53 48
6905 39 9 125
6906 243 42 0
6907 4 10 22 48
6908 0 42
6909 301 76
6910 0 41
6911 22 17
6912 257 59 14
6913 57 331 22
6914 14
6915 25 0
6916 53 48 35 218
6917 73 30
6918 60 76 39 11
6919 75 403
6920 63 308 9 23
6921 9 23 184
6922 22 23
6923 11 0 39
6924 22 40 0
6925 0 187
6926 0 64
6927 206 42 42
6928 34 113
6929 22 39 0 189
6930 22 73 0
6931 0 71 25 71
6932 0 39 11 22
6933 25 136
6934 39 11
6935 13 16 0
6936 153 17
6937 0 0
6938 0 2 360 117 117 24
6939 76 9 48 23 22
6940 27 96 14
6941 0 2 17 84 25
6942 96 14
6943 48 0
6944 39
6945 86 156 65 65 86
6946 105 76
6947 6 6 48 76 4
6948 0 11 17
6949 0 39 42
6950 61 82 95 95
6951 206 42 42 73
6952 41 38 0
6953 348
6954 90 22
6955 53 17 11 0
6956 35 86
6957 164 10 22
6958 0 209 39
6959 0 42 21 307
6960 76 42 250 48
6961 171 171 171
6962 0 23 28
6963 40 2 0
6964 0 56
6965 0 25 40
6966 0 41 96
6967 0 68 76 152
6968 77 404 285 22
6969 14 96 65 164 10
6970 59 0 48
6971 39 71 38 71 10
6972 14 11
6973 0 42
6974 27 169
6975 25
6976 0 41
6977 25 0
6978 19 40 0
6979 14 53 48
6980 39
6981 0 39 25
6982 0 0 121 53
6983 33 255 131 5 43
6984 73 11 39 14
6985 25 0 258 0
6986 10 83 11 14
6987 136 49 0 19
6988 0 84 0 25
6989 73 76
6990 10 71 23
6991 35 113 76 22 36
6992 162 11
6993 394 110 17 11
6994 196
6995 151 53 35 17
6996 52 22
6997 39 11 23 22
6998 22 114
6999 71 22 0
7000 35 22 53 48
7001 68 68 182 68 68
7002 63 10
7003 174 0 12
7004 71 166 71 0 71
7005 171 171 5 2
7006 39 10 0 301
7007 56 266 0 25
7008 11 175
7009 42 11
7010 11 73 39
7011 71 71 0
7012 101 12
7013 90 105 53 48
7014 76 39 122
7015 39 9
7016 184 100 100
7017 110 113 80
7018 368 223 95 42
7019 39 9
7020 0 84 122 40
7021 73 76 11 10
7022 42 10 76 176 11 137
7023 184 41 0
7024 0 10
7025 76 23 9
7026 0 81 265 68
7027 14 146
7028 27 39 10
7029 65 164 0
7030 23 73 6 71
7031 84 0 25
7032 48 48 64
7033 177 10
7034 73 22 7
7035 39 11 10
7036 73 76 22 23
7037 171 171 171
7038 27 10 133
7039 25 0 181
7040 142
7041 194 52 373 405 245 43 110
7042 0 6
7043 10 46 22 10 177 406
7044 89 168 24 71
7045 27 11 22 23
7046 60 126
7047 41 2 1
7048 16 35 113 48
7049 0 40 24
7050 48 76 7
7051 373 22
7052 22 185 197
7053 22 376
7054 0 25 140
7055 39 263 73
7056 22 10 39
7057 39
7058 0 200 5
7059 207 88
7060 23 54
7061 42 63 11
7062 48 39 53 11
7063 9 39
7064 48
7065 407 35 35
7066 14 9
7067 64 0
7068 0 11 71 71
7069 0 22
7070 42
7071 372 27
7072 63 27 140 27
7073 48 53 22
7074 0 6
7075 0 69
7076 41 16
7077 11 28 76
7078 113 48 48
7079 27 27 76
7080 154 28 0
7081 22 39
7082 22 95 42
7083 0 154 1
7084 39 76
7085 17 53 48
7086 0 40 68
7087 41 0
7088 10 27
7089 199 126
7090 25 11 6
7091 3
7092 21
7093 125 301 22 0
7094 22 17 11
7095 12 0 42 73
7096 331 0 22
7097 14 11 0 17 25
7098 0 128 128
7099 0 17
7100 162 60
7101 122 0 197
7102 0 6
7103 22 126 0
7104 0
7105 11 22
7106 10 128 128
7107 86 82 53 22 65 27
7108 40 0 2
7109 0 0 9 23 243
7110 88 10
7111 19 22 0
7112 14 14
7113 171 248
7114 17 22
7115 0
7116 408 48 22 23 6
7117 73 22 23
7118 76 11 73 0 17
7119 22 23 50 28
7120 0 71 100 24
7121 0 22 40 41
7122 76 14 257
7123 27 11 122
7124 10 65
7125 22 9
7126 10 149 23 149 9 65
7127 27 10 11
7128 22 187 23 39
7129 85 84 168 25
7130 0 25
7131 0 19
7132 22 48
7133 113 95 4 64
7134 23 94
7135 27 10 158
7136 24 22 0
7137 61 76 162 11
7138 24 325 87 25
7139 19 14 0
7140 0 301
7141 0
7142 129 23 82
7143 118 0 324
7144 100
7145 0 154
7146 344 113 77
7147 39 0 17 243 39 16
7148 68 265 0 81
7149 153 0
7150 52 143 271 182
7151 69 11 134
7152 33 244 28 5 131
7153 0 39
7154 0 25
7155 24 0
7156 49 0 43 22
7157 11 203
7158 22 60 39 25
7159 68
7160 71 22 0 100
7161 14 268 0
7162 0 41